symbol,date,open,high,low,close,volume,change,changePercent,vwap
"BAYN.DE","2025-11-26","31","31.32","30.24","30.36","2326719","-0.64","-2.06","30.73",
"BAYN.DE","2025-11-25","31","31.45","29.6","30.83","3641243","-0.17","-0.54839","30.72",
"BAYN.DE","2025-11-24","29.74","31.05","29.48","30.6","15994654","0.855","2.89","30.2175",
"BAYN.DE","2025-11-21","26.72","27.89","26.64","27.59","2826668","0.865","3.26","27.21",
"BAYN.DE","2025-11-20","27.2","27.32","26.81","26.99","1658614","-0.215","-0.77206","27.08",
"BAYN.DE","2025-11-19","27.35","27.5","27.02","27.02","1472652","-0.33","-1.21","27.2225",
"BAYN.DE","2025-11-18","27.55","27.65","27.05","27.37","1910340","-0.18","-0.65336","27.405",
"BAYN.DE","2025-11-17","28.39","28.39","27.84","27.95","1451699","-0.445","-1.55","28.1425",
"BAYN.DE","2025-11-14","29.6","29.85","28.11","28.41","4022158","-1.19","-4.02","28.9925",
"BAYN.DE","2025-11-13","29","29.96","28.98","29.94","3780721","0.94","3.24","29.47",
"BAYN.DE","2025-11-12","27.22","29.28","27.22","29.06","6950848","1.84","6.76","28.195",
"BAYN.DE","2025-11-11","26.73","27.5","26.3","27.43","2075024","0.7","2.62","26.99",
"BAYN.DE","2025-11-10","26.28","26.51","26.18","26.5","1348508","0.22","0.83714","26.3675",
"BAYN.DE","2025-11-07","26.49","26.59","25.78","26.06","1363201","-0.435","-1.62","26.23",
"BAYN.DE","2025-11-06","26.5","26.56","26.02","26.51","1761716","0.01","0.03773585","26.3975",
"BAYN.DE","2025-11-05","26.58","26.69","26.27","26.43","1390189","-0.155","-0.56433","26.4925",
"BAYN.DE","2025-11-04","26.35","26.76","26.11","26.76","1540360","0.405","1.56","26.495",
"BAYN.DE","2025-11-03","26.88","26.99","26.47","26.47","1373051","-0.41","-1.53","26.7025",
"BAYN.DE","2025-10-31","27","27.16","26.71","26.95","1523939","-0.05","-0.18519","26.955",
"BAYN.DE","2025-10-30","27.64","27.68","26.16","26.87","3240338","-0.765","-2.79","27.0875",
"BAYN.DE","2025-10-29","27.3","27.63","27.3","27.56","1054552","0.26","0.95238","27.4475",
"BAYN.DE","2025-10-28","27.6","27.77","27.35","27.45","1133956","-0.155","-0.54348","27.5425",
"BAYN.DE","2025-10-27","27.77","27.91","27.4","27.61","1794799","-0.16","-0.57616","27.6725",
"BAYN.DE","2025-10-24","27.68","27.96","27.51","27.78","1663915","0.095","0.36127","27.7325",
"BAYN.DE","2025-10-23","27.26","27.79","27.22","27.58","1674300","0.32","1.17","27.4625",
"BAYN.DE","2025-10-22","27.32","27.63","27.1","27.52","1797000","0.2","0.73206","27.3925",
"BAYN.DE","2025-10-21","27.4","27.71","27.27","27.36","1564339","-0.045","-0.14599","27.435",
"BAYN.DE","2025-10-20","26.84","27.43","26.6","27.43","1765129","0.595","2.2","27.075",
"BAYN.DE","2025-10-17","26.95","26.97","26.6","26.82","3789978","-0.135","-0.48237","26.835",
"BAYN.DE","2025-10-16","27.36","27.53","26.91","27.09","1768114","-0.27","-0.98684","27.2225",
"BAYN.DE","2025-10-15","27.38","27.55","27.14","27.26","1604780","-0.125","-0.43828","27.3325",
"BAYN.DE","2025-10-14","27.51","27.82","27.24","27.33","1653122","-0.18","-0.65431","27.475",
"BAYN.DE","2025-10-13","27.9","28.13","27.58","27.76","1849023","-0.145","-0.50179","27.8425",
"BAYN.DE","2025-10-10","28.11","29","27.97","27.98","2480001","-0.125","-0.46247","28.265",
"BAYN.DE","2025-10-09","27.35","28.39","27.32","28.2","2391792","0.85","3.11","27.815",
"BAYN.DE","2025-10-08","27.85","27.86","27.34","27.42","2103047","-0.43","-1.54","27.6175",
"BAYN.DE","2025-10-07","28.19","28.21","27.05","27.78","3216385","-0.41","-1.45","27.8075",
"BAYN.DE","2025-10-06","28.72","28.72","28.26","28.35","1537480","-0.37","-1.29","28.5125",
"BAYN.DE","2025-10-03","29.2","29.27","28.38","28.85","1997015","-0.345","-1.2","28.925",
"BAYN.DE","2025-10-02","29.7","29.93","29.07","29.12","2858328","-0.58","-1.95","29.455",
"BAYN.DE","2025-10-01","28.52","29.64","28.4","29.64","4547841","1.13","3.93","29.05",
"BAYN.DE","2025-09-30","27.7","28.28","27.58","28.23","2685639","0.535","1.91","27.9475",
"BAYN.DE","2025-09-29","27.53","27.75","27.27","27.72","1504900","0.19","0.69016","27.5675",
"BAYN.DE","2025-09-26","26.9","27.38","26.57","27.25","1554241","0.35","1.3","27.025",
"BAYN.DE","2025-09-25","27.42","27.66","27.18","27.25","1609192","-0.175","-0.61999","27.3775",
"BAYN.DE","2025-09-24","27.49","27.77","27.23","27.61","1722170","0.125","0.43652","27.525",
"BAYN.DE","2025-09-23","27.43","27.57","26.94","27.51","1720747","0.08","0.29165","27.3625",
"BAYN.DE","2025-09-22","27.46","27.69","27.2","27.46","1461004","0.005","0","27.4525",
"BAYN.DE","2025-09-19","27.61","27.9","27.48","27.5","3899862","-0.11","-0.39841","27.6225",
"BAYN.DE","2025-09-18","27.3","28.04","27.22","27.55","1798157","0.25","0.91575","27.5275",
"BAYN.DE","2025-09-17","27","27.44","26.78","27.38","2209814","0.38","1.41","27.15",
"BAYN.DE","2025-09-16","27.42","27.47","26.87","26.94","2692770","-0.475","-1.75","27.175",
"BAYN.DE","2025-09-15","28.18","28.24","27.44","27.5","2369074","-0.68","-2.41","27.84",
"BAYN.DE","2025-09-12","28.67","28.8","28.07","28.07","1866643","-0.6","-2.09","28.4025",
"BAYN.DE","2025-09-11","28.13","28.95","28.13","28.83","3316577","0.705","2.49","28.51",
"BAYN.DE","2025-09-10","28.13","28.27","27.67","28.03","1944391","-0.095","-0.35549","28.025",
"BAYN.DE","2025-09-09","28.3","28.39","27.67","28.24","1412874","-0.065","-0.21201","28.15",
"BAYN.DE","2025-09-08","28.38","28.55","27.84","28.25","1652992","-0.13","-0.45807","28.255",
"BAYN.DE","2025-09-05","28.78","28.78","28.13","28.16","1722252","-0.625","-2.15","28.4625",
"BAYN.DE","2025-09-04","28.11","28.97","28.07","28.58","2399648","0.465","1.67","28.4325",
"BAYN.DE","2025-09-03","27.58","28.2","27.53","28.04","2834700","0.455","1.67","27.8375",
"BAYN.DE","2025-09-02","27.77","27.85","27.26","27.44","1849640","-0.335","-1.19","27.58",
"BAYN.DE","2025-09-01","28.12","28.12","27.64","27.86","1148791","-0.255","-0.92461","27.935",
"BAYN.DE","2025-08-29","27.94","28.36","27.62","28.06","2744824","0.125","0.42949","27.995",
"BAYN.DE","2025-08-28","28.63","28.75","27.92","27.93","1743936","-0.7","-2.44","28.3075",
"BAYN.DE","2025-08-27","28.71","28.99","28.39","28.42","1503581","-0.295","-1.01","28.6275",
"BAYN.DE","2025-08-26","28.17","28.79","28.04","28.59","2829971","0.42","1.49","28.3975",
"BAYN.DE","2025-08-25","28.53","28.55","27.87","28.11","1715704","-0.425","-1.47","28.265",
"BAYN.DE","2025-08-22","28.04","28.81","28.04","28.56","2004891","0.52","1.85","28.3625",
"BAYN.DE","2025-08-21","27.81","28.13","27.69","28.13","1702137","0.325","1.15","27.94",
"BAYN.DE","2025-08-20","27.92","28.22","27.77","27.96","1777592","0.04","0.14327","27.9675",
"BAYN.DE","2025-08-19","27.72","28.13","27.59","28.09","2120106","0.375","1.33","27.8825",
"BAYN.DE","2025-08-18","27.16","28.23","27.02","27.67","3535763","0.51","1.88","27.52",
"BAYN.DE","2025-08-15","26.85","27.13","26.82","27.05","2043532","0.2","0.74488","26.9625",
"BAYN.DE","2025-08-14","26.89","26.9","26.53","26.63","1935706","-0.255","-0.9669","26.7375",
"BAYN.DE","2025-08-13","26.05","26.94","25.99","26.8","3558311","0.75","2.88","26.445",
"BAYN.DE","2025-08-12","25.85","26.01","25.49","25.96","2347303","0.115","0.42553","25.8275",
"BAYN.DE","2025-08-11","26","26.2","25.59","25.71","1846659","-0.29","-1.12","25.875",
"BAYN.DE","2025-08-08","25.65","25.88","25.31","25.72","2299556","0.07","0.2729","25.64",
"BAYN.DE","2025-08-07","25.27","25.89","24.92","25.37","4347976","0.105","0.39573","25.3625",
"BAYN.DE","2025-08-06","27.3","27.41","24.81","24.98","8866224","-2.32","-8.5","26.125",
"BAYN.DE","2025-08-05","27.73","27.83","27.56","27.73","2488452","-0.005","0","27.7125",
"BAYN.DE","2025-08-04","28.11","28.14","27.29","27.5","3005000","-0.615","-2.17","27.76",
"BAYN.DE","2025-08-01","27.52","28.93","27.17","28.12","6349458","0.6","2.18","27.935",
"BAYN.DE","2025-07-31","28.22","28.25","27.27","27.35","3855773","-0.87","-3.08","27.7725",
"BAYN.DE","2025-07-30","28.56","28.56","28.21","28.21","2300923","-0.35","-1.23","28.385",
"BAYN.DE","2025-07-29","28.94","29.1","28.5","28.58","2540091","-0.36","-1.24","28.78",
"BAYN.DE","2025-07-28","29.7","29.78","28.79","28.96","2144414","-0.745","-2.49","29.3075",
"BAYN.DE","2025-07-25","28.99","29.43","28.84","29.21","2131866","0.225","0.75888","29.1175",
"BAYN.DE","2025-07-24","28.82","29.6","28.81","29.13","4948963","0.31","1.08","29.09",
"BAYN.DE","2025-07-23","28.3","28.61","28.15","28.48","2356513","0.175","0.63604","28.385",
"BAYN.DE","2025-07-22","27.5","27.92","27.26","27.81","1882435","0.305","1.13","27.6225",
"BAYN.DE","2025-07-21","27.52","28.02","27.5","27.56","1842437","0.035","0.14535","27.65",
"BAYN.DE","2025-07-18","28","28.18","27.64","27.67","3613197","-0.33","-1.18","27.8725",
"BAYN.DE","2025-07-17","27.75","27.97","27.43","27.97","2887579","0.225","0.79279","27.78",
"BAYN.DE","2025-07-16","27.25","27.74","27.25","27.57","2062674","0.315","1.17","27.4525",
"BAYN.DE","2025-07-15","27.5","27.79","27.32","27.32","1795782","-0.185","-0.65455","27.4825",
"BAYN.DE","2025-07-14","27","27.64","26.99","27.51","2412987","0.51","1.89","27.285",
"BAYN.DE","2025-07-11","27.72","27.76","27.27","27.34","1744337","-0.38","-1.37","27.5225",
"BAYN.DE","2025-07-10","27.54","27.8","27.35","27.78","1923324","0.24","0.87146","27.6175",
"BAYN.DE","2025-07-09","27.15","27.59","27.07","27.33","2304845","0.18","0.66298","27.285",
"BAYN.DE","2025-07-08","26.32","27.32","26.27","27.18","3959337","0.86","3.27","26.7725",
"BAYN.DE","2025-07-07","26.13","26.24","25.9","26.15","1552386","0.02","0.07654038","26.105",
"BAYN.DE","2025-07-04","26.02","26.33","25.86","26.2","1677616","0.175","0.69178","26.1025",
"BAYN.DE","2025-07-03","26.5","26.84","26","26.05","2518115","-0.445","-1.7","26.3475",
"BAYN.DE","2025-07-02","26.63","26.64","26.11","26.36","2522467","-0.27","-1.01","26.435",
"BAYN.DE","2025-07-01","25.65","26.61","25.62","26.46","4142389","0.815","3.16","26.085",
"BAYN.DE","2025-06-30","26.99","27.44","25.38","25.54","8197566","-1.45","-5.37","26.3375",
"BAYN.DE","2025-06-27","26.4","27.05","26.4","26.98","2698105","0.575","2.2","26.7075",
"BAYN.DE","2025-06-26","26.51","26.63","26.28","26.28","1634638","-0.225","-0.8676","26.425",
"BAYN.DE","2025-06-25","26.67","26.67","26.13","26.41","2299190","-0.255","-0.97488","26.47",
"BAYN.DE","2025-06-24","26.86","26.95","26.44","26.49","2353435","-0.375","-1.38","26.685",
"BAYN.DE","2025-06-23","26.51","26.58","25.99","26.24","2528199","-0.275","-1.02","26.33",
"BAYN.DE","2025-06-20","27.14","27.27","26.5","26.69","5597407","-0.45","-1.66","26.9",
"BAYN.DE","2025-06-19","26.91","27.14","26.76","26.93","1643925","0.025","0.07432181","26.935",
"BAYN.DE","2025-06-18","27.01","27.49","26.87","27.21","2955800","0.2","0.74047","27.145",
"BAYN.DE","2025-06-17","27.3","27.34","26.76","27.16","2783810","-0.14","-0.51282","27.14",
"BAYN.DE","2025-06-16","27.48","27.75","27.22","27.58","2513354","0.095","0.3639","27.5075",
"BAYN.DE","2025-06-13","27.26","27.49","27.13","27.48","3444812","0.225","0.80704","27.34",
"BAYN.DE","2025-06-12","27.77","27.92","27.33","27.82","3623862","0.055","0.18005","27.71",
"BAYN.DE","2025-06-11","27.33","27.88","27.08","27.76","5947502","0.425","1.57","27.5125",
"BAYN.DE","2025-06-10","26.63","26.89","26.19","26.75","3296166","0.115","0.45062","26.615",
"BAYN.DE","2025-06-09","26.53","26.73","26.4","26.49","2337414","-0.04","-0.15077","26.5375",
"BAYN.DE","2025-06-06","26.69","26.94","26.18","26.44","2610602","-0.255","-0.93668","26.5625",
"BAYN.DE","2025-06-05","26.2","26.74","25.86","26.43","8027073","0.23","0.87786","26.3075",
"BAYN.DE","2025-06-04","25.1","25.48","25.1","25.32","2319622","0.22","0.87649","25.25",
"BAYN.DE","2025-06-03","25.28","25.34","24.68","24.96","2393857","-0.315","-1.27","25.065",
"BAYN.DE","2025-06-02","24.69","25.2","24.67","25.14","2435632","0.455","1.82","24.925",
"BAYN.DE","2025-05-30","24.75","24.91","24.5","24.74","4270811","-0.01","-0.04040404","24.725",
"BAYN.DE","2025-05-29","24.97","25.27","24.61","24.73","2000953","-0.24","-0.96115","24.895",
"BAYN.DE","2025-05-28","24.94","24.97","24.45","24.67","2587117","-0.27","-1.08","24.7575",
"BAYN.DE","2025-05-27","24.8","25.12","24.72","24.93","2802518","0.13","0.52419","24.8925",
"BAYN.DE","2025-05-26","24.85","25.09","24.35","24.68","2079720","-0.17","-0.6841","24.7425",
"BAYN.DE","2025-05-23","24.62","25.08","24.08","24.48","5106783","-0.145","-0.56864","24.565",
"BAYN.DE","2025-05-22","23.76","24.52","23.76","24.36","4089035","0.6","2.53","24.1",
"BAYN.DE","2025-05-21","23.54","24.09","23.42","23.72","3373518","0.175","0.76466","23.6925",
"BAYN.DE","2025-05-20","23.13","23.45","22.98","23.43","2909215","0.3","1.3","23.2475",
"BAYN.DE","2025-05-19","22.73","23.2","22.6","22.92","2570473","0.19","0.8359","22.8625",
"BAYN.DE","2025-05-16","23.14","23.62","22.86","22.87","4422224","-0.27","-1.17","23.1225",
"BAYN.DE","2025-05-15","22.04","22.87","22.02","22.87","4685579","0.825","3.77","22.45",
"BAYN.DE","2025-05-14","24.7","24.75","22.09","22.17","13280356","-2.53","-10.24","23.4275",
"BAYN.DE","2025-05-13","25.1","26.94","24.72","24.74","12195863","-0.36","-1.43","25.375",
"BAYN.DE","2025-05-12","23.94","24.5","23.86","24.06","3343397","0.12","0.50125","24.09",
"BAYN.DE","2025-05-09","23.75","24.23","23.69","24.05","4475660","0.3","1.26","23.93",
"BAYN.DE","2025-05-08","23.49","23.61","22.87","23.42","3217604","-0.065","-0.298","23.3475",
"BAYN.DE","2025-05-07","23.74","23.92","23.41","23.44","2404565","-0.295","-1.26","23.6275",
"BAYN.DE","2025-05-06","24.21","24.25","23.54","24.05","2843259","-0.16","-0.66088","24.0125",
"BAYN.DE","2025-05-05","24.09","24.37","23.91","24.2","1990882","0.115","0.45662","24.1425",
"BAYN.DE","2025-05-02","23.64","24.45","23.64","23.88","8153548","0.24","1.02","23.9025",
"BAYN.DE","2025-04-30","23.2","23.66","22.93","23.03","4897500","-0.165","-0.73276","23.205",
"BAYN.DE","2025-04-29","23.11","23.29","22.9","23.17","3831758","0.06","0.25963","23.1175",
"BAYN.DE","2025-04-28","22.65","23.02","22.62","22.98","2824276","0.33","1.46","22.8175",
"BAYN.DE","2025-04-25","22.61","23.14","22.42","22.99","3782168","0.385","1.68","22.79",
"BAYN.DE","2025-04-24","22.12","22.53","22.02","22.48","2399035","0.365","1.63","22.2875",
"BAYN.DE","2025-04-23","21.68","22.28","21.57","22.11","3608327","0.425","1.98","21.91",
"BAYN.DE","2025-04-22","21.34","21.64","21.17","21.49","3539925","0.15","0.70291","21.41",
"BAYN.DE","2025-04-17","21.12","21.13","20.71","21.03","2717670","-0.09","-0.42614","20.9975",
"BAYN.DE","2025-04-16","20.73","20.96","20.52","20.96","2308598","0.23","1.11","20.7925",
"BAYN.DE","2025-04-15","20.79","21.08","20.58","20.83","2528870","0.04","0.1924","20.82",
"BAYN.DE","2025-04-14","20.76","20.95","20.47","20.89","2513899","0.13","0.6262","20.7675",
"BAYN.DE","2025-04-11","20.24","20.29","19.5","20.16","4341906","-0.08","-0.39526","20.0475",
"BAYN.DE","2025-04-10","20.74","21","19.87","19.89","5686825","-0.843","-4.1","20.375",
"BAYN.DE","2025-04-09","19.84","20.08","19.34","19.47","6290208","-0.374","-1.86","19.6825",
"BAYN.DE","2025-04-08","20.08","20.81","19.85","20.41","6008416","0.325","1.64","20.2875",
"BAYN.DE","2025-04-07","18.75","20.8","18.38","19.83","13280680","1.08","5.76","19.44",
"BAYN.DE","2025-04-04","21.07","21.4","19.66","20.1","8929490","-0.97","-4.6","20.5575",
"BAYN.DE","2025-04-03","20.94","21.84","20.86","21.27","5086707","0.33","1.58","21.2275",
"BAYN.DE","2025-04-02","22","22","21.17","21.43","4269244","-0.575","-2.59","21.65",
"BAYN.DE","2025-04-01","22.31","22.63","22.16","22.32","2372540","0.01","0.04482295","22.355",
"BAYN.DE","2025-03-31","22.32","22.44","21.9","22.07","3614873","-0.25","-1.12","22.1825",
"BAYN.DE","2025-03-28","22.6","23.04","22.57","22.57","2589394","-0.03","-0.13274","22.695",
"BAYN.DE","2025-03-27","22.68","22.79","22.33","22.67","2806617","-0.01","-0.04409171","22.6175",
"BAYN.DE","2025-03-26","23.66","23.74","22.73","22.79","3043191","-0.875","-3.68","23.23",
"BAYN.DE","2025-03-25","22.58","23.58","22.58","23.57","4447884","0.995","4.38","23.0775",
"BAYN.DE","2025-03-24","22.87","23.14","21.95","22.41","9518732","-0.46","-2.01","22.5925",
"BAYN.DE","2025-03-21","23.73","24.13","23.64","24.08","6569955","0.355","1.47","23.895",
"BAYN.DE","2025-03-20","24.4","24.68","23.83","24","4123060","-0.4","-1.64","24.2275",
"BAYN.DE","2025-03-19","24.62","24.7","24.06","24.39","4080725","-0.235","-0.9342","24.4425",
"BAYN.DE","2025-03-18","24.07","24.97","23.95","24.76","4937286","0.695","2.87","24.4375",
"BAYN.DE","2025-03-17","23.31","23.97","23.31","23.79","3791007","0.48","2.06","23.595",
"BAYN.DE","2025-03-14","23.15","23.7","22.95","23.29","4331140","0.135","0.60475","23.2725",
"BAYN.DE","2025-03-13","22.8","23.05","22.56","22.9","2853775","0.1","0.4386","22.8275",
"BAYN.DE","2025-03-12","23.8","24.01","22.9","23","3641389","-0.8","-3.36","23.4275",
"BAYN.DE","2025-03-11","23.77","24.71","23.55","23.64","5511454","-0.125","-0.54691","23.9175",
"BAYN.DE","2025-03-10","23.44","23.97","23.41","23.56","4956259","0.115","0.51195","23.595",
"BAYN.DE","2025-03-07","24.96","25.13","22.25","23.25","11825421","-1.71","-6.85","23.8975",
"BAYN.DE","2025-03-06","24.45","25.47","24","24.86","6339743","0.41","1.68","24.695",
"BAYN.DE","2025-03-05","23.08","25.31","22.93","24.49","7639988","1.41","6.11","23.9525",
"BAYN.DE","2025-03-04","23.87","23.97","23.52","23.52","5301895","-0.35","-1.47","23.72",
"BAYN.DE","2025-03-03","22.62","24.1","22.54","24","7320657","1.38","6.1","23.315",
"BAYN.DE","2025-02-28","22.59","22.77","22.39","22.71","3394930","0.125","0.53121","22.615",
"BAYN.DE","2025-02-27","22.71","22.81","22.38","22.75","3045755","0.035","0.17613","22.6625",
"BAYN.DE","2025-02-26","22.75","23.05","22.58","23.04","3037311","0.29","1.27","22.855",
"BAYN.DE","2025-02-25","22.25","22.92","22.16","22.64","3096172","0.395","1.75","22.4925",
"BAYN.DE","2025-02-24","22.5","22.61","22.11","22.28","2892436","-0.225","-0.97778","22.375",
"BAYN.DE","2025-02-21","21.79","22.22","21.74","22.05","4048308","0.265","1.19","21.95",
"BAYN.DE","2025-02-20","21.35","21.96","21.31","21.68","3248730","0.33","1.55","21.575",
"BAYN.DE","2025-02-19","21.64","21.68","21.12","21.3","2843595","-0.34","-1.57","21.435",
"BAYN.DE","2025-02-18","21.28","21.79","20.98","21.64","3080206","0.36","1.69","21.4225",
"BAYN.DE","2025-02-17","21.24","21.48","21.15","21.4","1861894","0.16","0.7533","21.3175",
"BAYN.DE","2025-02-14","21.52","21.66","21.35","21.38","3031365","-0.14","-0.65056","21.4775",
"BAYN.DE","2025-02-13","21.25","21.68","21.15","21.62","4895874","0.37","1.74","21.425",
"BAYN.DE","2025-02-12","20.89","21.31","20.73","20.98","3454432","0.095","0.43083","20.9775",
"BAYN.DE","2025-02-11","20.96","21.01","20.25","20.73","3177794","-0.23","-1.1","20.7375",
"BAYN.DE","2025-02-10","20.97","21.12","20.85","21.02","2209587","0.05","0.23844","20.99",
"BAYN.DE","2025-02-07","21.2","21.29","20.79","20.95","2647555","-0.25","-1.18","21.0575",
"BAYN.DE","2025-02-06","21.19","21.41","20.98","21.22","2906228","0.03","0.14158","21.2",
"BAYN.DE","2025-02-05","21.04","21.16","20.82","21.04","2747965","0.005","0","21.015",
"BAYN.DE","2025-02-04","21.12","21.31","21.01","21.22","2267776","0.1","0.47348","21.165",
"BAYN.DE","2025-02-03","21.2","21.21","20.74","21.01","3415213","-0.19","-0.89623","21.04",
"BAYN.DE","2025-01-31","21.94","21.97","21.56","21.64","3427429","-0.3","-1.37","21.7775",
"BAYN.DE","2025-01-30","21.56","21.91","21.37","21.86","3394792","0.3","1.39","21.675",
"BAYN.DE","2025-01-29","21.5","21.77","21.28","21.54","3248785","0.04","0.18605","21.5225",
"BAYN.DE","2025-01-28","21.4","21.82","21.24","21.5","3913322","0.095","0.46729","21.49",
"BAYN.DE","2025-01-27","20.9","21.55","20.56","21.45","4628575","0.55","2.63","21.115",
"BAYN.DE","2025-01-24","21.15","21.44","20.78","20.9","4050281","-0.255","-1.18","21.0675",
"BAYN.DE","2025-01-23","21.06","21.28","21.01","21.08","3075571","0.015","0.09496676","21.1075",
"BAYN.DE","2025-01-22","21.48","21.51","20.82","20.99","3142696","-0.495","-2.28","21.2",
"BAYN.DE","2025-01-21","21.11","21.5","21.02","21.44","2649608","0.335","1.56","21.2675",
"BAYN.DE","2025-01-20","21.26","21.5","20.99","21.28","2839466","0.02","0.09407338","21.2575",
"BAYN.DE","2025-01-17","20.88","21.25","20.85","21.15","3746264","0.265","1.29","21.0325",
"BAYN.DE","2025-01-16","20.84","20.93","20.59","20.74","2629828","-0.095","-0.47985","20.775",
"BAYN.DE","2025-01-15","19.64","20.99","19.51","20.73","7036247","1.09","5.55","20.2175",
"BAYN.DE","2025-01-14","20.31","20.66","19.47","19.6","4553958","-0.708","-3.5","20.01",
"BAYN.DE","2025-01-13","20","20.42","19.95","20.04","3442320","0.035","0.2","20.1025",
"BAYN.DE","2025-01-10","19.65","20.43","19.56","19.98","4831580","0.332","1.68","19.905",
"BAYN.DE","2025-01-09","19.58","19.93","19.46","19.76","2910513","0.178","0.91931","19.6825",
"BAYN.DE","2025-01-08","19.79","19.79","19.29","19.67","3792413","-0.12","-0.60637","19.635",
"BAYN.DE","2025-01-07","19.68","19.99","19.47","19.79","3072022","0.108","0.55894","19.7325",
"BAYN.DE","2025-01-06","19.14","19.87","19.07","19.72","4698192","0.578","3.03","19.45",
"BAYN.DE","2025-01-03","19.37","19.46","18.92","18.99","2499249","-0.38","-1.96","19.185",
"BAYN.DE","2025-01-02","19.22","19.5","18.95","19.39","3378077","0.168","0.8845","19.265",
"BAYN.DE","2024-12-30","19.16","19.36","19.15","19.31","2008225","0.156","0.78288","19.245",
"BAYN.DE","2024-12-27","18.88","19.33","18.78","19.28","3479130","0.402","2.12","19.0675",
"BAYN.DE","2024-12-23","18.82","18.9","18.64","18.89","3042138","0.07","0.37194","18.8125",
"BAYN.DE","2024-12-20","18.71","19.05","18.57","18.94","7779879","0.228","1.23","18.8175",
"BAYN.DE","2024-12-19","18.99","19.19","18.79","18.87","4371754","-0.12","-0.63191","18.96",
"BAYN.DE","2024-12-18","19.27","19.37","19.08","19.22","3428365","-0.052","-0.25947","19.235",
"BAYN.DE","2024-12-17","19.26","19.49","19.16","19.33","3294447","0.072","0.36345","19.31",
"BAYN.DE","2024-12-16","19.64","19.78","19.22","19.5","4583339","-0.138","-0.71283","19.535",
"BAYN.DE","2024-12-13","20.02","20.11","19.73","19.76","3232635","-0.26","-1.3","19.905",
"BAYN.DE","2024-12-12","20.02","20.18","19.93","20.18","2820210","0.155","0.7992","20.0775",
"BAYN.DE","2024-12-11","20.25","20.26","19.98","20","2781817","-0.254","-1.23","20.1225",
"BAYN.DE","2024-12-10","20.2","20.55","20.11","20.29","3184031","0.085","0.44554","20.2875",
"BAYN.DE","2024-12-09","20.48","20.48","19.99","20.23","3654019","-0.25","-1.22","20.295",
"BAYN.DE","2024-12-06","19.61","20.3","19.6","20.02","4615729","0.409","2.09","19.8825",
"BAYN.DE","2024-12-05","19.27","19.55","19.25","19.5","3354823","0.234","1.19","19.3925",
"BAYN.DE","2024-12-04","19.06","19.4","19.01","19.26","3193159","0.2","1.05","19.1825",
"BAYN.DE","2024-12-03","19.28","19.51","19.16","19.23","2918759","-0.044","-0.25934","19.295",
"BAYN.DE","2024-12-02","19.3","19.42","18.93","19.29","4490618","-0.012","-0.05181347","19.235",
"BAYN.DE","2024-11-29","19.26","19.44","19.16","19.39","3603253","0.124","0.67497","19.3125",
"BAYN.DE","2024-11-28","19.3","19.52","19.11","19.37","3236745","0.066","0.36269","19.325",
"BAYN.DE","2024-11-27","18.98","19.19","18.41","19.16","6081438","0.176","0.94837","18.935",
"BAYN.DE","2024-11-26","19.75","19.77","18.89","18.9","7749454","-0.854","-4.3","19.3275",
"BAYN.DE","2024-11-25","19.95","20.12","19.67","19.93","5390462","-0.02","-0.10025","19.9175",
"BAYN.DE","2024-11-22","19.55","19.9","19.26","19.8","4478001","0.252","1.28","19.6275",
"BAYN.DE","2024-11-21","19.35","19.57","18.97","19.52","5663087","0.166","0.87855","19.3525",
"BAYN.DE","2024-11-20","20.3","20.42","19.53","19.54","4709216","-0.756","-3.74","19.9475",
"BAYN.DE","2024-11-19","20.18","20.55","19.93","20.16","4408298","-0.03","-0.09910803","20.205",
"BAYN.DE","2024-11-18","20.45","20.63","19.76","20.22","5638054","-0.24","-1.12","20.265",
"BAYN.DE","2024-11-15","20.18","20.55","20.1","20.31","6159392","0.12","0.6442","20.285",
"BAYN.DE","2024-11-14","20","20.78","19.4","20.5","8721565","0.502","2.5","20.17",
"BAYN.DE","2024-11-13","20.75","20.84","20.05","20.15","9619752","-0.6","-2.89","20.4475",
"BAYN.DE","2024-11-12","23.04","23.04","20.57","20.88","22087126","-2.16","-9.38","21.8825",
"BAYN.DE","2024-11-11","24.29","24.6","24.12","24.42","2255121","0.135","0.5352","24.3575",
"BAYN.DE","2024-11-08","24.36","24.36","23.94","24.08","2351463","-0.275","-1.15","24.185",
"BAYN.DE","2024-11-07","24","24.76","23.99","24.37","2818998","0.365","1.54","24.28",
"BAYN.DE","2024-11-06","24.64","25.24","23.62","23.95","5012985","-0.695","-2.8","24.3625",
"BAYN.DE","2024-11-05","24.85","25.06","24.43","24.58","2305227","-0.27","-1.09","24.73",
"BAYN.DE","2024-11-04","25.05","25.39","24.75","24.75","2022884","-0.305","-1.2","24.985",
"BAYN.DE","2024-11-01","24.75","25.17","24.72","25.1","2142673","0.35","1.41","24.935",
"BAYN.DE","2024-10-31","24.88","25.12","24.79","24.8","2699870","-0.085","-0.32154","24.8975",
"BAYN.DE","2024-10-30","25.41","25.5","24.71","25","4582959","-0.41","-1.61","25.155",
"BAYN.DE","2024-10-29","26.18","26.25","25.47","25.55","2439331","-0.63","-2.41","25.8625",
"BAYN.DE","2024-10-28","25.89","26.11","25.57","26.11","2382938","0.215","0.84975","25.92",
"BAYN.DE","2024-10-25","25.83","25.84","25.55","25.75","1581452","-0.08","-0.30972","25.7425",
"BAYN.DE","2024-10-24","25.79","26.24","25.73","25.73","2174295","-0.06","-0.23265","25.8725",
"BAYN.DE","2024-10-23","25.8","26.1","25.62","25.62","1977285","-0.18","-0.69767","25.785",
"BAYN.DE","2024-10-22","26.03","26.07","25.54","25.88","3284558","-0.155","-0.57626","25.88",
"BAYN.DE","2024-10-21","26.3","26.52","26.07","26.1","2062456","-0.2","-0.76046","26.2475",
"BAYN.DE","2024-10-18","26.51","26.64","26.34","26.38","2181214","-0.135","-0.49038","26.4675",
"BAYN.DE","2024-10-17","26.49","26.59","26.28","26.5","1924598","0.01","0.03775009","26.465",
"BAYN.DE","2024-10-16","26.54","26.8","26.18","26.43","3972932","-0.11","-0.41447","26.4875",
"BAYN.DE","2024-10-15","26.2","26.68","26.07","26.53","4105427","0.33","1.26","26.37",
"BAYN.DE","2024-10-14","26.41","26.49","25.96","26.11","4155222","-0.3","-1.14","26.2425",
"BAYN.DE","2024-10-11","26.62","26.68","26.13","26.27","5195120","-0.355","-1.31","26.425",
"BAYN.DE","2024-10-10","27.07","27.34","26.69","26.77","4751910","-0.3","-1.11","26.9675",
"BAYN.DE","2024-10-09","29.19","29.22","26.84","27.25","11669865","-1.93","-6.65","28.125",
"BAYN.DE","2024-10-08","29.45","29.46","29.09","29.24","1920917","-0.215","-0.71307","29.31",
"BAYN.DE","2024-10-07","29.8","29.86","28.91","29.77","2238729","-0.03","-0.10067","29.585",
"BAYN.DE","2024-10-04","29.87","29.99","29.67","29.81","1910395","-0.06","-0.20087","29.835",
"BAYN.DE","2024-10-03","30.46","30.51","29.7","29.87","1945021","-0.595","-1.94","30.135",
"BAYN.DE","2024-10-02","30.39","30.71","30.13","30.4","1688878","0.01","0.03290556","30.4075",
"BAYN.DE","2024-10-01","30.55","31.03","30.14","30.45","3449291","-0.105","-0.32733","30.5425",
"BAYN.DE","2024-09-30","30.56","30.99","30.33","30.33","3590525","-0.23","-0.75262","30.5525",
"BAYN.DE","2024-09-27","29.3","30.52","29.2","30.39","5203870","1.09","3.72","29.8525",
"BAYN.DE","2024-09-26","28.89","29.43","28.68","29.12","2993776","0.225","0.79612","29.03",
"BAYN.DE","2024-09-25","29.06","29.34","28.62","28.71","2567801","-0.345","-1.2","28.9325",
"BAYN.DE","2024-09-24","28.87","29.16","28.75","29","2339392","0.125","0.45029","28.945",
"BAYN.DE","2024-09-23","28.73","29","28.46","28.59","1930325","-0.14","-0.4873","28.695",
"BAYN.DE","2024-09-20","28.76","29.08","28.52","28.66","7144308","-0.1","-0.34771","28.755",
"BAYN.DE","2024-09-19","28.34","29.06","28.17","28.97","5125054","0.63","2.22","28.635",
"BAYN.DE","2024-09-18","27.52","27.98","27.34","27.93","2117253","0.41","1.49","27.6925",
"BAYN.DE","2024-09-17","26.78","27.55","26.76","27.47","3149519","0.685","2.58","27.14",
"BAYN.DE","2024-09-16","27.08","27.09","26.51","26.71","2676859","-0.37","-1.37","26.8475",
"BAYN.DE","2024-09-13","26.89","27.25","26.8","26.98","2262534","0.095","0.3347","26.98",
"BAYN.DE","2024-09-12","27.3","27.32","26.71","26.79","2311901","-0.51","-1.87","27.03",
"BAYN.DE","2024-09-11","27.62","27.63","26.69","27.01","3318540","-0.605","-2.21","27.2375",
"BAYN.DE","2024-09-10","28.6","28.65","27.51","27.62","3067058","-0.985","-3.43","28.095",
"BAYN.DE","2024-09-09","29.05","29.25","28.55","28.68","2466824","-0.37","-1.27","28.8825",
"BAYN.DE","2024-09-06","29.29","29.89","28.91","28.91","4195017","-0.38","-1.3","29.25",
"BAYN.DE","2024-09-05","27.87","29.49","27.74","28.98","4764490","1.11","3.98","28.52",
"BAYN.DE","2024-09-04","27.64","28.01","27.38","27.89","1976412","0.255","0.90449","27.73",
"BAYN.DE","2024-09-03","28.21","28.3","27.7","27.81","2732336","-0.4","-1.42","28.005",
"BAYN.DE","2024-09-02","28.22","28.25","27.74","28.03","1835813","-0.19","-0.67328","28.06",
"BAYN.DE","2024-08-30","27.86","28.07","27.8","27.87","2217316","0.01","0.03589375","27.9",
"BAYN.DE","2024-08-29","27.67","28.3","27.62","27.81","2190009","0.145","0.50596","27.85",
"BAYN.DE","2024-08-28","27.66","27.7","27.32","27.61","1780919","-0.045","-0.18077","27.5725",
"BAYN.DE","2024-08-27","27.55","27.72","27.46","27.54","1728988","-0.009998","-0.03629764","27.5675",
"BAYN.DE","2024-08-26","27.9","27.9","27.51","27.56","1244383","-0.345","-1.22","27.7175",
"BAYN.DE","2024-08-23","27.84","28.02","27.69","27.87","1624540","0.020001","0.10776","27.855",
"BAYN.DE","2024-08-22","28.01","28.08","27.67","27.71","1809296","-0.305","-1.07","27.8675",
"BAYN.DE","2024-08-21","28.11","28.32","27.96","28.11","1791358","0","0","28.125",
"BAYN.DE","2024-08-20","28.94","28.98","28.16","28.27","3171433","-0.67","-2.32","28.5875",
"BAYN.DE","2024-08-19","29.28","29.56","28.94","29.08","2729212","-0.19","-0.68306","29.215",
"BAYN.DE","2024-08-16","27.2","29.74","27.2","29","12456644","1.8","6.62","28.285",
"BAYN.DE","2024-08-15","25.99","26.28","25.89","26.28","2528923","0.285","1.12","26.11",
"BAYN.DE","2024-08-14","26.05","26.19","25.69","25.83","1613179","-0.215","-0.84453","25.94",
"BAYN.DE","2024-08-13","26.05","26.12","25.7","25.99","1694580","-0.059999","-0.23033","25.965",
"BAYN.DE","2024-08-12","26","26.28","25.81","25.96","1534395","-0.045","-0.15385","26.0125",
"BAYN.DE","2024-08-09","26.32","26.42","25.61","25.97","2110546","-0.35","-1.33","26.08",
"BAYN.DE","2024-08-08","26","26.45","25.89","26.35","2404091","0.35","1.35","26.1725",
"BAYN.DE","2024-08-07","25.65","26.33","25.34","26.12","3276214","0.47","1.83","25.86",
"BAYN.DE","2024-08-06","26.65","27.32","25.32","25.32","7238309","-1.33","-4.99","26.1525",
"BAYN.DE","2024-08-05","27.2","27.65","26.68","26.95","5083343","-0.255","-0.91912","27.12",
"BAYN.DE","2024-08-02","27.16","27.92","27.07","27.36","2918202","0.195","0.73638","27.3775",
"BAYN.DE","2024-08-01","27.18","27.5","27.13","27.27","2094651","0.085001","0.33113","27.27",
"BAYN.DE","2024-07-31","27.78","28.07","27.41","27.5","2882955","-0.285","-1.01","27.69",
"BAYN.DE","2024-07-30","27.51","27.8","27.26","27.6","2369288","0.085001","0.32715","27.5425",
"BAYN.DE","2024-07-29","27.74","27.88","27.3","27.43","1874230","-0.3","-1.12","27.5875",
"BAYN.DE","2024-07-26","27.56","27.6","27.18","27.47","2472083","-0.09","-0.32656","27.4525",
"BAYN.DE","2024-07-25","27.05","27.73","26.89","27.53","3542217","0.485","1.77","27.3",
"BAYN.DE","2024-07-24","26.57","27.13","26.25","26.98","3055122","0.41","1.54","26.7325",
"BAYN.DE","2024-07-23","27.14","27.31","26.89","26.97","2614550","-0.17","-0.62638","27.0775",
"BAYN.DE","2024-07-22","26.5","27.4","26.47","27.31","4283967","0.815","3.06","26.92",
"BAYN.DE","2024-07-19","26.67","26.69","26.13","26.26","3696101","-0.41","-1.54","26.4375",
"BAYN.DE","2024-07-18","26.93","27.3","26.79","26.97","2709990","0.039999","0.14853","26.9975",
"BAYN.DE","2024-07-17","26.1","26.79","25.85","26.68","2975049","0.58","2.22","26.355",
"BAYN.DE","2024-07-16","26.04","26.33","25.84","26.06","2746880","0.02","0.07680492","26.0675",
"BAYN.DE","2024-07-15","26.78","26.8","26.33","26.39","2313227","-0.39","-1.46","26.575",
"BAYN.DE","2024-07-12","26.9","27.05","26.5","26.93","3192136","0.034999","0.11152","26.845",
"BAYN.DE","2024-07-11","26.63","26.9","26.36","26.64","3450070","0.014999","0.03755163","26.6325",
"BAYN.DE","2024-07-10","25.41","26.16","25.3","26.13","3232553","0.72","2.83","25.75",
"BAYN.DE","2024-07-09","25.88","25.97","25.35","25.35","3471125","-0.53","-2.05","25.6375",
"BAYN.DE","2024-07-08","25.99","26.38","25.83","26.06","1889845","0.069999","0.26933","26.065",
"BAYN.DE","2024-07-05","26.29","26.61","25.98","26.17","1721022","-0.125","-0.45645","26.2625",
"BAYN.DE","2024-07-04","26.14","26.42","26.05","26.21","1199233","0.065001","0.26779","26.205",
"BAYN.DE","2024-07-03","25.97","26.36","25.82","26.23","2303105","0.255","1","26.095",
"BAYN.DE","2024-07-02","26","26.21","25.03","25.86","5166449","-0.15","-0.53846","25.775",
"BAYN.DE","2024-07-01","26.89","26.94","26.04","26.17","2693442","-0.72","-2.68","26.51",
"BAYN.DE","2024-06-28","26.18","26.64","26.14","26.38","2907526","0.2","0.76394","26.335",
"BAYN.DE","2024-06-27","25.95","26.22","25.81","26.11","1927557","0.16","0.61657","26.0225",
"BAYN.DE","2024-06-26","26.21","26.31","25.79","25.99","1743278","-0.22","-0.83937","26.075",
"BAYN.DE","2024-06-25","26.75","26.93","25.99","26.15","3314177","-0.6","-2.24","26.455",
"BAYN.DE","2024-06-24","26.04","26.75","25.97","26.66","2573428","0.62","2.38","26.355",
"BAYN.DE","2024-06-21","25.98","26.13","25.8","26","5139578","0.025","0.07698229","25.9775",
"BAYN.DE","2024-06-20","25.58","26.09","25.46","26","3094201","0.42","1.64","25.7825",
"BAYN.DE","2024-06-19","26","26.06","25.62","25.62","2382855","-0.38","-1.46","25.825",
"BAYN.DE","2024-06-18","26.22","26.41","26.08","26.14","1921933","-0.08","-0.30511","26.2125",
"BAYN.DE","2024-06-17","27.06","27.06","25.99","26.13","5256198","-0.93","-3.44","26.56",
"BAYN.DE","2024-06-14","27.4","27.72","27.02","27.07","2631174","-0.335","-1.2","27.3025",
"BAYN.DE","2024-06-13","27.73","27.82","26.92","27.34","4481855","-0.38","-1.41","27.4525",
"BAYN.DE","2024-06-12","27.17","28.08","27.17","27.83","3027123","0.65","2.43","27.5625",
"BAYN.DE","2024-06-11","27.49","27.56","26.88","27.08","2829421","-0.405","-1.49","27.2525",
"BAYN.DE","2024-06-10","27.9","27.97","27.42","27.48","2698037","-0.425","-1.51","27.6925",
"BAYN.DE","2024-06-07","28.25","28.38","27.75","28.09","2672879","-0.155","-0.56637","28.1175",
"BAYN.DE","2024-06-06","28.46","28.59","27.93","28.39","2690304","-0.07","-0.24596","28.3425",
"BAYN.DE","2024-06-05","28.9","29.15","28.33","28.59","3985730","-0.305","-1.07","28.7425",
"BAYN.DE","2024-06-04","28.79","29.29","28.2","28.33","3399279","-0.45","-1.6","28.6525",
"BAYN.DE","2024-06-03","28.28","28.73","28.04","28.63","2552917","0.345","1.24","28.42",
"BAYN.DE","2024-05-31","28.13","28.31","27.86","28.24","5104857","0.115","0.39104","28.135",
"BAYN.DE","2024-05-30","27","28.17","26.92","28.06","3871814","1.05","3.93","27.5375",
"BAYN.DE","2024-05-29","27.62","27.65","26.92","26.92","4090346","-0.695","-2.53","27.2775",
"BAYN.DE","2024-05-28","28.23","28.34","27.54","27.8","3407151","-0.43","-1.52","27.9775",
"BAYN.DE","2024-05-27","27.5","28.37","27.49","28.27","2309474","0.765","2.8","27.9075",
"BAYN.DE","2024-05-24","27.5","27.68","27.09","27.63","2748973","0.13","0.47273","27.475",
"BAYN.DE","2024-05-23","28.23","28.5","27.58","27.58","3579724","-0.645","-2.3","27.9725",
"BAYN.DE","2024-05-22","28.15","28.41","27.87","28.4","2813470","0.245","0.8881","28.2075",
"BAYN.DE","2024-05-21","28.55","28.62","27.93","28.32","3221103","-0.23","-0.8056","28.355",
"BAYN.DE","2024-05-20","28.86","28.96","28.59","28.67","1420239","-0.19","-0.65835","28.77",
"BAYN.DE","2024-05-17","28.71","29.1","28.48","28.58","2757036","-0.125","-0.4528","28.7175",
"BAYN.DE","2024-05-16","29.5","29.84","28.5","28.65","4713509","-0.85","-2.88","29.1225",
"BAYN.DE","2024-05-15","29","29.55","28.41","29.33","3645309","0.33","1.14","29.0725",
"BAYN.DE","2024-05-14","29.61","30.41","28.93","29.22","7096306","-0.39","-1.32","29.5425",
"BAYN.DE","2024-05-13","29","29.53","28.99","29.38","3538582","0.38","1.31","29.225",
"BAYN.DE","2024-05-10","28.81","29.26","28.79","28.96","3655535","0.15","0.52065","28.955",
"BAYN.DE","2024-05-09","28.4","28.82","28.26","28.69","1997631","0.295","1.02","28.5425",
"BAYN.DE","2024-05-08","28.54","28.74","28.25","28.48","2244692","-0.065001","-0.21023","28.5025",
"BAYN.DE","2024-05-07","28.12","28.66","28.04","28.49","3346510","0.37","1.32","28.3275",
"BAYN.DE","2024-05-06","28.1","28.37","27.92","28.06","1803823","-0.040001","-0.14235","28.1125",
"BAYN.DE","2024-05-03","28.26","28.49","27.81","28.02","2582716","-0.245","-0.84926","28.145",
"BAYN.DE","2024-05-02","28.01","28.82","27.99","28.13","5554757","0.12","0.42842","28.2375",
"BAYN.DE","2024-04-30","27.61","27.75","27.28","27.35","3426001","-0.255","-0.94169","27.4975",
"BAYN.DE","2024-04-29","27.52","27.68","27.27","27.59","2430613","0.07","0.25436","27.515",
"BAYN.DE","2024-04-26","27.05","27.58","26.97","27.4","4690278","0.35","1.29","27.25",
"BAYN.DE","2024-04-25","27.08","27.51","26.87","26.9","3533816","-0.19","-0.6647","27.09",
"BAYN.DE","2024-04-24","27.25","27.38","26.88","26.97","2710724","-0.28","-1.03","27.12",
"BAYN.DE","2024-04-23","27.53","27.7","27.04","27.34","3055329","-0.18","-0.69016","27.4025",
"BAYN.DE","2024-04-22","26.75","27.55","26.72","27.32","4999901","0.57","2.13","27.085",
"BAYN.DE","2024-04-19","26.14","26.36","25.61","26.33","4224860","0.185","0.72686","26.11",
"BAYN.DE","2024-04-18","26.39","26.39","25.94","26.24","2759804","-0.15","-0.5684","26.24",
"BAYN.DE","2024-04-17","26","26.51","25.98","26.25","2359047","0.25","0.96154","26.185",
"BAYN.DE","2024-04-16","26.07","26.36","25.92","26.08","3296976","0.014999","0.03835827","26.1075",
"BAYN.DE","2024-04-15","26.71","26.86","26.05","26.46","4111723","-0.25","-0.93598","26.52",
"BAYN.DE","2024-04-12","27.3","27.83","26.91","26.97","3638040","-0.33","-1.21","27.2525",
"BAYN.DE","2024-04-11","27.4","27.83","26.99","27.02","3313778","-0.38","-1.39","27.31",
"BAYN.DE","2024-04-10","27.59","28.25","27.3","27.58","3583402","-0.019998","-0.03624502","27.68",
"BAYN.DE","2024-04-09","27.29","28.37","27.1","27.4","4805903","0.105","0.40308","27.54",
"BAYN.DE","2024-04-08","27.46","27.5","26.9","27.33","5126028","-0.13","-0.47342","27.2975",
"BAYN.DE","2024-04-05","28.2","28.44","27.33","27.43","5547572","-0.765","-2.73","27.85",
"BAYN.DE","2024-04-04","28.81","28.94","28.43","28.56","3497344","-0.245","-0.86775","28.685",
"BAYN.DE","2024-04-03","28.05","28.84","27.99","28.76","4260507","0.715","2.53","28.41",
"BAYN.DE","2024-04-02","28.62","28.63","27.76","28","4180578","-0.625","-2.17","28.2525",
"BAYN.DE","2024-03-28","28.52","28.63","28.17","28.43","3854662","-0.09","-0.31557","28.4375",
"BAYN.DE","2024-03-27","27.5","28.49","27.4","28.42","5618319","0.92","3.35","27.9525",
"BAYN.DE","2024-03-26","26.73","27.32","26.52","27.32","4021884","0.585","2.21","26.9725",
"BAYN.DE","2024-03-25","26.7","27.1","26.57","26.84","3904010","0.14","0.52434","26.8025",
"BAYN.DE","2024-03-22","26.45","26.94","26.31","26.75","4290025","0.295","1.13","26.6125",
"BAYN.DE","2024-03-21","26.36","26.68","26.32","26.48","3619141","0.12","0.45524","26.46",
"BAYN.DE","2024-03-20","25.9","26.22","25.71","26.22","3368627","0.315","1.24","26.0125",
"BAYN.DE","2024-03-19","26.17","26.18","25.72","25.87","4135183","-0.295","-1.15","25.985",
"BAYN.DE","2024-03-18","26.06","26.36","26.05","26.22","2958874","0.16","0.61397","26.1725",
"BAYN.DE","2024-03-15","25.89","26.33","25.74","26.24","9539161","0.35","1.35","26.05",
"BAYN.DE","2024-03-14","26.29","26.46","25.9","26.03","3608300","-0.265","-0.98897","26.17",
"BAYN.DE","2024-03-13","26.38","26.58","26.08","26.36","3351866","-0.019998","-0.07581501","26.35",
"BAYN.DE","2024-03-12","26.87","26.98","26.13","26.49","4177910","-0.38","-1.41","26.6175",
"BAYN.DE","2024-03-11","26.13","26.82","25.75","26.82","4664684","0.69","2.64","26.38",
"BAYN.DE","2024-03-08","26.4","26.9","25.93","26.28","4932498","-0.125","-0.45455","26.3775",
"BAYN.DE","2024-03-07","26","26.42","24.96","26.41","11836438","0.405","1.58","25.9475",
"BAYN.DE","2024-03-06","25.91","26.91","25.63","26.65","9128697","0.735","2.86","26.275",
"BAYN.DE","2024-03-05","28.32","28.33","25.84","25.96","11895736","-2.36","-8.33","27.1125",
"BAYN.DE","2024-03-04","28.55","28.64","28","28.08","4337012","-0.465","-1.65","28.3175",
"BAYN.DE","2024-03-01","28.19","28.92","27.4","28.33","5814169","0.14","0.49663","28.21",
"BAYN.DE","2024-02-29","28.24","28.57","27.99","28.09","6695070","-0.145","-0.53116","28.2225",
"BAYN.DE","2024-02-28","29.35","29.35","28.47","28.56","2815831","-0.79","-2.69","28.9325",
"BAYN.DE","2024-02-27","28.5","29.34","28.43","29.14","3228002","0.63","2.25","28.8525",
"BAYN.DE","2024-02-26","28.75","28.95","28.5","28.58","2182694","-0.165","-0.5913","28.695",
"BAYN.DE","2024-02-23","28.9","29.07","28.33","28.82","3323501","-0.079999","-0.27682","28.78",
"BAYN.DE","2024-02-22","29.2","29.25","28.82","28.91","3672873","-0.285","-0.99315","29.045",
"BAYN.DE","2024-02-21","28.71","29.09","28.37","28.93","4044652","0.22","0.76628","28.775",
"BAYN.DE","2024-02-20","28.43","29.28","28.25","28.76","8855793","0.335","1.16","28.68",
"BAYN.DE","2024-02-19","28.57","28.91","28.36","28.9","3542983","0.33","1.16","28.685",
"BAYN.DE","2024-02-16","28.32","28.96","28.08","28.61","4737773","0.295","1.02","28.4925",
"BAYN.DE","2024-02-15","27.87","28.21","27.79","28.06","4310224","0.185","0.68174","27.9825",
"BAYN.DE","2024-02-14","27.8","28.07","27.43","28.07","2680744","0.27","0.97122","27.8425",
"BAYN.DE","2024-02-13","28.5","28.66","27.77","27.91","3609641","-0.59","-2.07","28.21",
"BAYN.DE","2024-02-12","27.82","28.5","27.71","28.33","3443755","0.51","1.83","28.09",
"BAYN.DE","2024-02-09","27.81","28.05","27.4","27.79","3203203","-0.024999","-0.07191658","27.7625",
"BAYN.DE","2024-02-08","28.54","28.74","27.71","27.75","4978754","-0.795","-2.77","28.185",
"BAYN.DE","2024-02-07","29.31","29.34","28.64","28.7","3874848","-0.605","-2.08","28.9975",
"BAYN.DE","2024-02-06","28.2","29.34","27.7","29.21","7038212","1","3.58","28.6125",
"BAYN.DE","2024-02-05","28.73","29.3","28.56","28.59","4184466","-0.135","-0.4873","28.795",
"BAYN.DE","2024-02-02","28.29","29.03","28.26","28.69","4588610","0.4","1.41","28.5675",
"BAYN.DE","2024-02-01","28.8","28.97","28.24","28.28","7397296","-0.525","-1.81","28.5725",
"BAYN.DE","2024-01-31","30.06","30.31","28.86","28.9","9830769","-1.16","-3.86","29.5325",
"BAYN.DE","2024-01-30","30.9","31.24","30.08","30.08","5676049","-0.82","-2.65","30.575",
"BAYN.DE","2024-01-29","31.12","31.39","30.31","30.75","9446748","-0.375","-1.19","30.8925",
"BAYN.DE","2024-01-26","32.13","32.4","31.7","32.31","4560617","0.185","0.56022","32.135",
"BAYN.DE","2024-01-25","32.58","32.83","32.4","32.63","2215805","0.049999","0.15347","32.61",
"BAYN.DE","2024-01-24","32.5","32.86","32.5","32.63","2447384","0.125","0.4","32.6225",
"BAYN.DE","2024-01-23","33.03","33.08","32.44","32.52","3183477","-0.505","-1.54","32.7675",
"BAYN.DE","2024-01-22","32.51","33.13","32.51","32.85","2247065","0.35","1.05","32.75",
"BAYN.DE","2024-01-19","32.58","32.69","32.23","32.39","3283379","-0.19","-0.58318","32.4725",
"BAYN.DE","2024-01-18","33.06","33.35","32.03","32.52","6886367","-0.535","-1.63","32.74",
"BAYN.DE","2024-01-17","33.01","33.47","32.74","33.21","2696571","0.2","0.60588","33.1075",
"BAYN.DE","2024-01-16","33.47","33.65","33.04","33.53","2528088","0.055001","0.17927","33.4225",
"BAYN.DE","2024-01-15","34.43","34.49","33.48","33.55","3233948","-0.88","-2.56","33.9875",
"BAYN.DE","2024-01-12","33.92","34.49","33.81","34.25","2796163","0.335","0.97288","34.1175",
"BAYN.DE","2024-01-11","35.05","35.1","33.79","33.79","3542989","-1.26","-3.59","34.4325",
"BAYN.DE","2024-01-10","34.95","35.21","34.72","34.76","4112352","-0.19","-0.54363","34.91",
"BAYN.DE","2024-01-09","35.2","35.77","35.2","35.6","3333644","0.395","1.14","35.4425",
"BAYN.DE","2024-01-08","35.9","36.09","34.9","35.24","4787454","-0.66","-1.84","35.5325",
"BAYN.DE","2024-01-05","35.11","35.29","34.68","35.22","3276552","0.11","0.3133","35.075",
"BAYN.DE","2024-01-04","34.51","35.44","34.51","35.24","4047854","0.72","2.12","34.925",
"BAYN.DE","2024-01-03","34.49","34.78","34.1","34.4","4276838","-0.080002","-0.26095","34.4425",
"BAYN.DE","2024-01-02","33.79","34.45","33.72","34.33","3809729","0.53","1.6","34.0725",
"BAYN.DE","2023-12-29","33.51","33.85","33.33","33.63","2153339","0.115","0.3581","33.58",
"BAYN.DE","2023-12-28","33.75","33.81","33.42","33.49","3022343","-0.26","-0.77037","33.6175",
"BAYN.DE","2023-12-27","33","33.67","32.99","33.47","4058362","0.465","1.42","33.2825",
"BAYN.DE","2023-12-22","32.51","32.89","32.47","32.71","3189514","0.2","0.6152","32.645",
"BAYN.DE","2023-12-21","32.42","32.76","32.42","32.62","3152744","0.195","0.6169","32.555",
"BAYN.DE","2023-12-20","32.4","32.8","32.22","32.56","4356286","0.15","0.49383","32.495",
"BAYN.DE","2023-12-19","31.49","32.43","31.35","32.2","4354810","0.705","2.25","31.8675",
"BAYN.DE","2023-12-18","32.05","32.36","31.82","32.11","3880885","0.060002","0.18721","32.085",
"BAYN.DE","2023-12-15","32.11","32.39","31.79","32.1","8388665","-0.005001","-0.03114295","32.0975",
"BAYN.DE","2023-12-14","31.48","32.16","31.45","31.9","5735505","0.415","1.33","31.7475",
"BAYN.DE","2023-12-13","31.08","31.36","30.81","31.06","3597327","-0.015002","-0.06435006","31.0775",
"BAYN.DE","2023-12-12","31.54","31.59","31.15","31.34","2829674","-0.2","-0.63412","31.405",
"BAYN.DE","2023-12-11","31.92","31.95","31.4","31.49","3958199","-0.425","-1.35","31.69",
"BAYN.DE","2023-12-08","31.75","31.95","31.5","31.9","4260300","0.14","0.47244","31.775",
"BAYN.DE","2023-12-07","32.35","32.37","31.7","31.83","3601449","-0.525","-1.61","32.0625",
"BAYN.DE","2023-12-06","31.8","32.56","31.64","32.39","5146308","0.59","1.86","32.0975",
"BAYN.DE","2023-12-05","30.72","31.8","30.45","31.71","4058062","0.985","3.22","31.17",
"BAYN.DE","2023-12-04","31","31.41","30.71","30.83","3805359","-0.175","-0.54839","30.9875",
"BAYN.DE","2023-12-01","31.56","31.65","30.83","31.11","4898592","-0.445","-1.43","31.2875",
"BAYN.DE","2023-11-30","30.88","31.51","30.35","31.36","6045158","0.485","1.55","31.025",
"BAYN.DE","2023-11-29","30.33","31.04","30.22","30.67","4747728","0.335","1.12","30.565",
"BAYN.DE","2023-11-28","31.31","31.52","30.43","30.56","7371246","-0.755","-2.4","30.955",
"BAYN.DE","2023-11-27","32.46","32.6","31.54","31.66","5741503","-0.8","-2.46","32.065",
"BAYN.DE","2023-11-24","32.95","33.15","32.47","32.65","4357645","-0.305","-0.91047","32.805",
"BAYN.DE","2023-11-23","32.9","33.16","32.24","32.95","3970166","0.049999","0.15198","32.8125",
"BAYN.DE","2023-11-22","33.76","34.1","32.65","32.81","9749377","-0.945","-2.81","33.33",
"BAYN.DE","2023-11-21","34","34.65","33.72","33.99","11142832","-0.014999","-0.02941176","34.09",
"BAYN.DE","2023-11-20","37.9","37.94","32.6","34.01","37388007","-3.9","-10.26","35.6125",
"BAYN.DE","2023-11-17","40.73","41.59","40.67","41.45","2786985","0.72","1.77","41.11",
"BAYN.DE","2023-11-16","40.75","40.89","40.35","40.6","2669872","-0.15","-0.3681","40.6475",
"BAYN.DE","2023-11-15","40.74","41.12","40.52","41.09","2768446","0.35","0.85911","40.8675",
"BAYN.DE","2023-11-14","40.1","40.92","39.56","40.64","3409922","0.54","1.35","40.305",
"BAYN.DE","2023-11-13","40.29","40.49","39.82","40.25","3111047","-0.040001","-0.09928022","40.2125",
"BAYN.DE","2023-11-10","41.63","41.78","40.08","40.15","4221665","-1.48","-3.56","40.91",
"BAYN.DE","2023-11-09","41.31","42.15","41.31","41.81","3221061","0.49","1.21","41.645",
"BAYN.DE","2023-11-08","42.5","42.58","40.15","41.43","6516971","-1.07","-2.52","41.665",
"BAYN.DE","2023-11-07","41.82","41.93","41.51","41.76","1698581","-0.055001","-0.14347","41.755",
"BAYN.DE","2023-11-06","42.16","42.26","41.92","42.06","1545359","-0.099999","-0.23719","42.1",
"BAYN.DE","2023-11-03","41.46","42.36","41.46","42.06","2447512","0.605","1.45","41.835",
"BAYN.DE","2023-11-02","40.56","41.41","40.46","41.28","2145758","0.725","1.78","40.9275",
"BAYN.DE","2023-11-01","40.92","40.92","40.06","40.27","2358066","-0.645","-1.59","40.5425",
"BAYN.DE","2023-10-31","40.67","41.03","40.51","40.66","2048730","-0.009998","-0.02458815","40.7175",
"BAYN.DE","2023-10-30","40.26","40.96","40.13","40.68","1665930","0.425","1.04","40.5075",
"BAYN.DE","2023-10-27","40.8","41.22","40.51","40.51","2178421","-0.29","-0.71078","40.76",
"BAYN.DE","2023-10-26","40.5","40.9","40.25","40.76","1998107","0.26","0.64198","40.6025",
"BAYN.DE","2023-10-25","41.29","41.38","40.5","41.04","2168945","-0.25","-0.60547","41.0525",
"BAYN.DE","2023-10-24","40.89","41.42","40.86","41.29","1744641","0.395","0.97823","41.115",
"BAYN.DE","2023-10-23","41.58","41.62","40.27","40.99","3399493","-0.595","-1.42","41.115",
"BAYN.DE","2023-10-20","41.83","42.17","41.33","41.47","3473777","-0.36","-0.86063","41.7",
"BAYN.DE","2023-10-19","42.16","42.32","41.86","42.15","2087063","-0.015","-0.02371917","42.1225",
"BAYN.DE","2023-10-18","43.1","43.29","42.47","42.53","1890849","-0.575","-1.32","42.8475",
"BAYN.DE","2023-10-17","43.41","43.56","42.18","43.2","3277689","-0.21","-0.48376","43.0875",
"BAYN.DE","2023-10-16","43.68","43.71","43.33","43.6","1875681","-0.084999","-0.18315","43.58",
"BAYN.DE","2023-10-13","44.01","44.28","43.54","43.56","2161659","-0.445","-1.02","43.8475",
"BAYN.DE","2023-10-12","44.82","44.95","44.26","44.26","1860564","-0.56","-1.25","44.5725",
"BAYN.DE","2023-10-11","44.76","45.46","44.66","44.86","2498262","0.095002","0.22341","44.935",
"BAYN.DE","2023-10-10","43.88","44.77","43.88","44.76","1927429","0.88","2.01","44.3225",
"BAYN.DE","2023-10-09","43.79","43.86","43.29","43.44","1785977","-0.35","-0.79927","43.595",
"BAYN.DE","2023-10-06","43.95","44.11","43.58","44.08","2379227","0.13","0.29579","43.93",
"BAYN.DE","2023-10-05","44.36","44.54","43.63","43.87","1959463","-0.49","-1.1","44.1",
"BAYN.DE","2023-10-04","43.62","44.49","43.56","44.26","1982779","0.645","1.47","43.9825",
"BAYN.DE","2023-10-03","44.69","44.74","43.86","43.88","2712839","-0.81","-1.81","44.2925",
"BAYN.DE","2023-10-02","45.56","45.76","44.72","44.87","1824295","-0.69","-1.51","45.2275",
"BAYN.DE","2023-09-29","45.4","45.83","45.36","45.45","2443116","0.045002","0.11013","45.51",
"BAYN.DE","2023-09-28","45.66","45.81","44.97","45.35","2516264","-0.31","-0.67893","45.4475",
"BAYN.DE","2023-09-27","45.72","46.03","45.52","45.72","1687807","0","0","45.7475",
"BAYN.DE","2023-09-26","46.27","46.38","45.68","45.68","2427687","-0.59","-1.28","46.0025",
"BAYN.DE","2023-09-25","47.44","47.47","45.83","46.32","3541715","-1.12","-2.36","46.765",
"BAYN.DE","2023-09-22","47.5","48.04","47.37","47.64","1922767","0.14","0.29474","47.6375",
"BAYN.DE","2023-09-21","48.75","48.9","47.18","47.77","3229778","-0.98","-2.01","48.15",
"BAYN.DE","2023-09-20","49","49.25","48.79","49.15","1223613","0.155","0.30612","49.0475",
"BAYN.DE","2023-09-19","48.35","48.94","48.32","48.93","1055190","0.585","1.2","48.635",
"BAYN.DE","2023-09-18","49.3","49.42","48.59","48.65","1202392","-0.655","-1.32","48.99",
"BAYN.DE","2023-09-15","49.35","49.81","49.33","49.4","5068755","0.050004","0.10132","49.4725",
"BAYN.DE","2023-09-14","48.3","49.01","47.88","48.9","2854323","0.595","1.24","48.5225",
"BAYN.DE","2023-09-13","50.08","50.08","48.33","48.33","4606583","-1.76","-3.49","49.205",
"BAYN.DE","2023-09-12","51.2","51.3","50.6","50.67","1105592","-0.53","-1.04","50.9425",
"BAYN.DE","2023-09-11","50.55","51.32","50.52","51.2","1933344","0.65","1.29","50.8975",
"BAYN.DE","2023-09-08","50.32","50.35","49.85","50.19","2070344","-0.13","-0.25835","50.1775",
"BAYN.DE","2023-09-07","50.07","50.47","49.99","50.24","1453861","0.17","0.33952","50.1925",
"BAYN.DE","2023-09-06","50.36","50.4","50.05","50.12","1191879","-0.24","-0.47657","50.2325",
"BAYN.DE","2023-09-05","50.35","50.87","50.24","50.65","1042458","0.3","0.59583","50.5275",
"BAYN.DE","2023-09-04","50.95","51.25","50.55","50.64","704556","-0.31","-0.60844","50.8475",
"BAYN.DE","2023-09-01","50.49","51.1","50.49","50.87","1701732","0.38","0.75262","50.7375",
"BAYN.DE","2023-08-31","50.4","50.97","50.21","50.54","2091559","0.14","0.27778","50.53",
"BAYN.DE","2023-08-30","50.75","50.81","50.41","50.41","1002672","-0.34","-0.66995","50.595",
"BAYN.DE","2023-08-29","50.52","50.88","50.41","50.67","1450797","0.15","0.29691","50.62",
"BAYN.DE","2023-08-28","50.28","50.52","49.97","50.38","1098333","0.1","0.19889","50.2875",
"BAYN.DE","2023-08-25","49.75","50.2","49.74","50.05","1325606","0.3","0.60302","49.935",
"BAYN.DE","2023-08-24","50.45","50.88","49.85","49.89","1682071","-0.56","-1.11","50.2675",
"BAYN.DE","2023-08-23","50.34","50.54","50.14","50.28","1246252","-0.060001","-0.11919","50.325",
"BAYN.DE","2023-08-22","50.15","50.6","50.06","50.19","979709","0.039997","0.07976072","50.25",
"BAYN.DE","2023-08-21","50.35","50.53","50.02","50.13","968058","-0.22","-0.43694","50.2575",
"BAYN.DE","2023-08-18","51.12","51.12","50.04","50.32","2365030","-0.8","-1.56","50.65",
"BAYN.DE","2023-08-17","50.9","51.33","50.64","51.33","1280422","0.43","0.84479","51.05",
"BAYN.DE","2023-08-16","51.56","51.69","50.59","51","2016502","-0.56","-1.09","51.21",
"BAYN.DE","2023-08-15","52.59","52.62","51.63","51.87","1104788","-0.72","-1.37","52.1775",
"BAYN.DE","2023-08-14","52.6","52.92","52.43","52.71","1148931","0.11","0.20913","52.665",
"BAYN.DE","2023-08-11","52.7","52.77","52.12","52.57","1478473","-0.13","-0.24668","52.54",
"BAYN.DE","2023-08-10","52.36","53.02","52.18","52.69","1875102","0.33","0.63025","52.5625",
"BAYN.DE","2023-08-09","52.72","52.76","51.66","52.02","1751506","-0.7","-1.33","52.29",
"BAYN.DE","2023-08-08","51.86","53.32","51.16","52.32","3707953","0.46","0.887","52.165",
"BAYN.DE","2023-08-07","51.5","52.56","51.45","52.37","1655500","0.87","1.69","51.97",
"BAYN.DE","2023-08-04","51.75","51.9","51.11","51.62","1260065","-0.13","-0.25121","51.595",
"BAYN.DE","2023-08-03","51.8","51.82","51.27","51.59","1573880","-0.21","-0.40541","51.62",
"BAYN.DE","2023-08-02","52.48","52.63","52","52","1832027","-0.48","-0.91463","52.2775",
"BAYN.DE","2023-08-01","53.17","53.8","52.97","52.97","1562342","-0.2","-0.37615","53.2275",
"BAYN.DE","2023-07-31","52.5","53.69","52.49","53.14","2773568","0.64","1.22","52.955",
"BAYN.DE","2023-07-28","52.23","52.54","51.91","52.4","1658843","0.17","0.32548","52.27",
"BAYN.DE","2023-07-27","51.7","52.3","51.45","52.28","2278171","0.58","1.12","51.9325",
"BAYN.DE","2023-07-26","51.52","51.83","51.09","51.52","1517424","0","0","51.49",
"BAYN.DE","2023-07-25","50","52.41","49.82","51.73","4506875","1.73","3.46","50.99",
"BAYN.DE","2023-07-24","51.69","52.01","51.17","51.49","1726040","-0.2","-0.38692","51.59",
"BAYN.DE","2023-07-21","52.07","52.12","51.19","51.94","2771741","-0.13","-0.24966","51.83",
"BAYN.DE","2023-07-20","51.46","52.21","51.08","52.16","2116863","0.7","1.36","51.7275",
"BAYN.DE","2023-07-19","51.62","52.09","51.05","51.36","2096572","-0.26","-0.50368","51.53",
"BAYN.DE","2023-07-18","50.1","51.57","50.1","51.4","2134803","1.3","2.59","50.7925",
"BAYN.DE","2023-07-17","50.47","50.59","50.17","50.22","963689","-0.25","-0.49534","50.3625",
"BAYN.DE","2023-07-14","50.02","50.45","49.85","50.31","1807382","0.29","0.57977","50.1575",
"BAYN.DE","2023-07-13","50","50.78","49.88","50.63","2107415","0.63","1.26","50.3225",
"BAYN.DE","2023-07-12","49.72","50.12","49.37","49.95","2689260","0.22","0.46259","49.79",
"BAYN.DE","2023-07-11","49.51","49.84","49.45","49.81","2179455","0.305","0.60594","49.6525",
"BAYN.DE","2023-07-10","49.88","50.5","49.44","49.54","3943634","-0.345","-0.68164","49.84",
"BAYN.DE","2023-07-07","48.57","49.13","48.28","48.76","2234574","0.19","0.39119","48.685",
"BAYN.DE","2023-07-06","50.15","50.23","48.51","48.62","3480529","-1.53","-3.05","49.3775",
"BAYN.DE","2023-07-05","50.48","50.58","50.1","50.43","1569842","-0.05","-0.09904913","50.3975",
"BAYN.DE","2023-07-04","50.57","50.9","50.52","50.57","890173","0","0","50.64",
"BAYN.DE","2023-07-03","51.05","51.42","50.48","50.57","2012831","-0.48","-0.94025","50.88",
"BAYN.DE","2023-06-30","50.46","51.03","50.46","50.67","3000434","0.21","0.41617","50.655",
"BAYN.DE","2023-06-29","50.56","50.78","50.41","50.51","1686807","-0.050003","-0.09889241","50.565",
"BAYN.DE","2023-06-28","49.99","50.41","49.47","50.3","2863584","0.31","0.62012","50.0425",
"BAYN.DE","2023-06-27","50.31","50.46","50.16","50.26","1746402","-0.050003","-0.09938382","50.2975",
"BAYN.DE","2023-06-26","50.69","50.69","50.04","50.09","1586562","-0.6","-1.18","50.3775",
"BAYN.DE","2023-06-23","50.57","50.78","50.17","50.5","1945610","-0.07","-0.13842","50.505",
"BAYN.DE","2023-06-22","50.5","50.74","50.17","50.5","1827228","0","0","50.4775",
"BAYN.DE","2023-06-21","50.87","51.26","50.63","50.87","1910343","0","0","50.9075",
"BAYN.DE","2023-06-20","51.34","51.5","50.87","50.89","1726998","-0.45","-0.87651","51.15",
"BAYN.DE","2023-06-19","52.3","52.42","51.62","51.62","1237057","-0.68","-1.3","51.99",
"BAYN.DE","2023-06-16","51.95","52.69","51.77","52.33","4699066","0.38","0.73147","52.185",
"BAYN.DE","2023-06-15","51.74","52.01","51.62","51.81","1460625","0.069999","0.13529","51.795",
"BAYN.DE","2023-06-14","51.54","52.03","51.37","51.8","2156381","0.26","0.50446","51.685",
"BAYN.DE","2023-06-13","51.28","51.46","50.8","51.28","2230734","0","0","51.205",
"BAYN.DE","2023-06-12","51.25","51.33","50.92","51.11","2271079","-0.14","-0.27317","51.1525",
"BAYN.DE","2023-06-09","52","52.01","50.89","51.15","2279219","-0.85","-1.63","51.5125",
"BAYN.DE","2023-06-08","52.34","52.39","51.94","51.95","1150651","-0.39","-0.74513","52.155",
"BAYN.DE","2023-06-07","52.2","52.59","52.05","52.13","1121647","-0.07","-0.1341","52.2425",
"BAYN.DE","2023-06-06","52","52.39","51.85","52.28","1234632","0.28","0.53846","52.13",
"BAYN.DE","2023-06-05","52.81","52.81","52.12","52.12","1440425","-0.69","-1.31","52.465",
"BAYN.DE","2023-06-02","52.06","52.64","51.72","52.61","2111109","0.55","1.06","52.2575",
"BAYN.DE","2023-06-01","52.59","52.65","51.46","51.9","2065942","-0.69","-1.31","52.15",
"BAYN.DE","2023-05-31","53.16","53.26","52.14","52.14","4095150","-1.02","-1.92","52.675",
"BAYN.DE","2023-05-30","54.24","54.48","53.42","53.42","1621276","-0.82","-1.51","53.89",
"BAYN.DE","2023-05-29","54.5","54.95","54.31","54.35","688645","-0.15","-0.27523","54.5275",
"BAYN.DE","2023-05-26","53.4","54.55","53.26","54.4","1974691","1","1.87","53.9025",
"BAYN.DE","2023-05-25","53.79","53.79","53","53.38","2648807","-0.41","-0.76222","53.49",
"BAYN.DE","2023-05-24","53.71","54.2","53.67","53.96","2083674","0.25","0.46546","53.885",
"BAYN.DE","2023-05-23","53.86","54.14","53.45","54.05","1883043","0.19","0.35277","53.875",
"BAYN.DE","2023-05-22","54.58","54.69","53.92","53.92","1390032","-0.66","-1.21","54.2775",
"BAYN.DE","2023-05-19","54.2","54.76","54.03","54.59","2603063","0.39","0.71956","54.395",
"BAYN.DE","2023-05-18","54.11","54.55","54.04","54.11","1484439","0","0","54.2025",
"BAYN.DE","2023-05-17","53.56","53.9","53.05","53.79","2184267","0.23","0.42942","53.575",
"BAYN.DE","2023-05-16","53.24","54.23","53.2","53.65","2431079","0.41","0.7701","53.58",
"BAYN.DE","2023-05-15","54.1","54.28","52.19","53.3","4194448","-0.8","-1.48","53.4675",
"BAYN.DE","2023-05-12","53.53","54.65","53.48","53.73","4215771","0.2","0.37362","53.8475",
"BAYN.DE","2023-05-11","56.5","56.5","53.68","53.94","8999701","-2.56","-4.53","55.155",
"BAYN.DE","2023-05-10","58.3","58.64","58.06","58.29","2078000","-0.009998","-0.01715266","58.3225",
"BAYN.DE","2023-05-09","58.29","58.36","57.92","58.33","1654069","0.040001","0.06862241","58.225",
"BAYN.DE","2023-05-08","58.51","58.59","58.01","58.31","1587358","-0.2","-0.34182","58.355",
"BAYN.DE","2023-05-05","58.41","58.7","57.59","58.7","2041353","0.29","0.49649","58.35",
"BAYN.DE","2023-05-04","57.25","58.25","57.2","58.1","1927430","0.85","1.48","57.7",
"BAYN.DE","2023-05-03","57.5","57.7","56.69","57.2","1689854","-0.3","-0.52174","57.2725",
"BAYN.DE","2023-05-02","57.7","58.06","57.09","57.2","2573922","-0.5","-0.86655","57.5125",
"BAYN.DE","2023-04-28","59.87","60.15","58.91","59.76","2760911","-0.11","-0.18373","59.6725",
"BAYN.DE","2023-04-27","60.24","60.31","59.58","59.72","1691781","-0.52","-0.86321","59.9625",
"BAYN.DE","2023-04-26","60.08","60.81","59.81","60.11","2014761","0.029999","0.04993342","60.2025",
"BAYN.DE","2023-04-25","60.27","60.64","59.97","60.43","1248397","0.16","0.26547","60.3275",
"BAYN.DE","2023-04-24","60.76","60.77","60.13","60.43","1495949","-0.33","-0.54312","60.5225",
"BAYN.DE","2023-04-21","60.9","61.08","59.77","60.69","3055498","-0.21","-0.34483","60.61",
"BAYN.DE","2023-04-20","61.29","61.48","60.91","60.99","1721820","-0.3","-0.48948","61.1675",
"BAYN.DE","2023-04-19","61.4","61.57","60.88","61.29","1138702","-0.11","-0.17915","61.285",
"BAYN.DE","2023-04-18","61.74","61.91","61.08","61.4","1425467","-0.34","-0.5507","61.5325",
"BAYN.DE","2023-04-17","61.4","61.79","61","61.52","1316059","0.12","0.19544","61.4275",
"BAYN.DE","2023-04-14","61.03","61.55","60.96","61.36","1610197","0.33","0.54072","61.225",
"BAYN.DE","2023-04-13","60.14","61.18","59.94","61.05","2155595","0.91","1.51","60.5775",
"BAYN.DE","2023-04-12","60.22","60.22","59.35","60.09","1997111","-0.13","-0.21588","59.97",
"BAYN.DE","2023-04-11","60.74","61.14","60.01","60.32","1503249","-0.42","-0.69147","60.5525",
"BAYN.DE","2023-04-06","59.85","60.75","59.53","60.56","1632485","0.71","1.19","60.1725",
"BAYN.DE","2023-04-05","58.68","59.71","58.6","59.52","1761863","0.84","1.43","59.1275",
"BAYN.DE","2023-04-04","59.44","59.55","58.82","58.82","1401576","-0.62","-1.04","59.1575",
"BAYN.DE","2023-04-03","58.75","59.39","58.63","59.08","1211744","0.33","0.5617","58.9625",
"BAYN.DE","2023-03-31","58.12","59","58","58.72","2435611","0.6","1.03","58.46",
"BAYN.DE","2023-03-30","57.33","58.1","57.27","57.78","1504546","0.45","0.78493","57.62",
"BAYN.DE","2023-03-29","56.9","57.59","56.9","57.27","1871787","0.37","0.65026","57.165",
"BAYN.DE","2023-03-28","56.3","57.26","56.3","56.87","1747012","0.57","1.01","56.6825",
"BAYN.DE","2023-03-27","56.1","56.27","55.7","56","1576063","-0.099998","-0.17825","56.0175",
"BAYN.DE","2023-03-24","55.9","55.9","54.8","55.55","2400463","-0.35","-0.62612","55.5375",
"BAYN.DE","2023-03-23","56.44","56.55","55.77","55.94","1586844","-0.5","-0.8859","56.175",
"BAYN.DE","2023-03-22","57.38","57.53","56.63","56.63","1909871","-0.75","-1.31","57.0425",
"BAYN.DE","2023-03-21","56.36","57.39","56.36","57.18","2006943","0.82","1.45","56.8225",
"BAYN.DE","2023-03-20","55.8","56.53","54.89","56.03","2304644","0.23","0.41219","55.8125",
"BAYN.DE","2023-03-17","56.11","56.94","55.53","55.81","6773765","-0.3","-0.53466","56.0975",
"BAYN.DE","2023-03-16","56.55","56.8","55.18","55.77","2795575","-0.78","-1.38","56.075",
"BAYN.DE","2023-03-15","57.26","57.64","55.73","55.75","2984296","-1.51","-2.64","56.595",
"BAYN.DE","2023-03-14","56.36","57.73","55.98","57.22","1693347","0.86","1.53","56.8225",
"BAYN.DE","2023-03-13","57.61","57.63","56.06","56.06","3238876","-1.55","-2.69","56.84",
"BAYN.DE","2023-03-10","57.44","57.89","56.83","57.7","2234812","0.26","0.45265","57.465",
"BAYN.DE","2023-03-09","58.26","58.44","58.02","58.02","1486828","-0.24","-0.41195","58.185",
"BAYN.DE","2023-03-08","57.31","58.77","57.27","58.47","2955610","1.16","2.02","57.955",
"BAYN.DE","2023-03-07","57.48","58.06","57.17","57.25","2098090","-0.23","-0.40014","57.49",
"BAYN.DE","2023-03-06","57.61","57.82","57.3","57.63","1459995","0.02","0.0347162","57.59",
"BAYN.DE","2023-03-03","56.91","57.7","56.86","57.6","1779945","0.69","1.21","57.2675",
"BAYN.DE","2023-03-02","56","56.9","55.67","56.82","2530685","0.82","1.46","56.3475",
"BAYN.DE","2023-03-01","56.22","56.71","55.8","56.34","2980050","0.12","0.21345","56.2675",
"BAYN.DE","2023-02-28","57.04","57.49","55.4","56.29","8452781","-0.75","-1.31","56.555",
"BAYN.DE","2023-02-27","59.1","59.54","58.58","58.58","2168680","-0.52","-0.87986","58.95",
"BAYN.DE","2023-02-24","60.01","60.27","58.62","58.62","5309442","-1.39","-2.32","59.38",
"BAYN.DE","2023-02-23","59.04","60.29","58.86","59.91","1873376","0.87","1.47","59.525",
"BAYN.DE","2023-02-22","58.77","59.06","58.54","59.06","1488227","0.29","0.49345","58.8575",
"BAYN.DE","2023-02-21","59","59.67","58.77","59.25","1662729","0.25","0.42373","59.1725",
"BAYN.DE","2023-02-20","59.44","59.57","58.68","58.94","986745","-0.5","-0.84118","59.1575",
"BAYN.DE","2023-02-17","59.07","59.52","58.73","59.12","1912140","0.049999","0.08464534","59.11",
"BAYN.DE","2023-02-16","60.05","60.25","58.91","59.45","2313617","-0.6","-0.99917","59.665",
"BAYN.DE","2023-02-15","60.37","60.89","59.29","60.14","2517653","-0.23","-0.38098","60.1725",
"BAYN.DE","2023-02-14","59.82","60.91","59.8","60.46","2443717","0.64","1.07","60.2475",
"BAYN.DE","2023-02-13","58.7","59.59","58.56","59.55","1795029","0.85","1.45","59.1",
"BAYN.DE","2023-02-10","60.2","61.02","58.65","58.8","3386953","-1.4","-2.33","59.6675",
"BAYN.DE","2023-02-09","64.06","65.66","60.25","60.43","7460309","-3.63","-5.67","62.6",
"BAYN.DE","2023-02-08","59.47","62.89","58.43","62.49","5781853","3.02","5.08","60.82",
"BAYN.DE","2023-02-07","58.39","59.04","58.08","58.95","2633760","0.56","0.95907","58.615",
"BAYN.DE","2023-02-06","56.5","59.02","56.11","58.19","3451097","1.69","2.99","57.455",
"BAYN.DE","2023-02-03","56.74","56.96","56.41","56.68","1972317","-0.060002","-0.10575","56.6975",
"BAYN.DE","2023-02-02","56.65","57.05","56.09","56.8","2305919","0.15","0.26478","56.6475",
"BAYN.DE","2023-02-01","57.05","57.1","56.26","56.5","2263612","-0.55","-0.96407","56.7275",
"BAYN.DE","2023-01-31","56.85","57","56.03","57","2169496","0.15","0.26385","56.72",
"BAYN.DE","2023-01-30","56.28","57.25","56.28","56.9","1996770","0.62","1.1","56.6775",
"BAYN.DE","2023-01-27","56.18","56.62","56.01","56.28","1892033","0.099999","0.178","56.2725",
"BAYN.DE","2023-01-26","55.9","56.26","55.67","56.04","1774988","0.14","0.25045","55.9675",
"BAYN.DE","2023-01-25","55.47","55.69","55.1","55.48","1634294","0.009999","0.01802776","55.435",
"BAYN.DE","2023-01-24","56","56.02","55.21","55.52","1698502","-0.48","-0.85714","55.6875",
"BAYN.DE","2023-01-23","56.64","56.68","55.63","55.96","1670144","-0.68","-1.2","56.2275",
"BAYN.DE","2023-01-20","56.09","56.48","55.83","56.39","2173507","0.3","0.53485","56.1975",
"BAYN.DE","2023-01-19","56","56.79","55.44","55.72","2593212","-0.28","-0.5","55.9875",
"BAYN.DE","2023-01-18","57.03","57.13","56.07","56.28","2443283","-0.75","-1.32","56.6275",
"BAYN.DE","2023-01-17","57.42","57.69","56.78","57.01","2365118","-0.41","-0.71404","57.225",
"BAYN.DE","2023-01-16","57.8","57.87","57.13","57.44","1479439","-0.36","-0.62284","57.56",
"BAYN.DE","2023-01-13","56.54","57.8","56.41","57.41","3875890","0.87","1.54","57.04",
"BAYN.DE","2023-01-12","56.23","56.84","55.84","56.38","3386501","0.15","0.26676","56.3225",
"BAYN.DE","2023-01-11","55.1","56.28","54.7","55.91","5435157","0.81","1.47","55.4975",
"BAYN.DE","2023-01-10","51.51","54.45","51.39","53.96","5039098","2.45","4.76","52.8275",
"BAYN.DE","2023-01-09","50.79","53.32","50.59","51.86","4945513","1.07","2.11","51.64",
"BAYN.DE","2023-01-06","49.49","50.57","49.38","50.55","2108143","1.05","2.14","49.9975",
"BAYN.DE","2023-01-05","49.45","50.38","49.33","49.76","2330820","0.315","0.6269","49.73",
"BAYN.DE","2023-01-04","49.38","49.76","49.08","49.53","3050559","0.145","0.30377","49.4375",
"BAYN.DE","2023-01-03","48.77","49.81","48.73","49.22","2241087","0.455","0.9227","49.1325",
"BAYN.DE","2023-01-02","48.58","49.51","48.47","49.49","1400857","0.915","1.87","49.0125",
"BAYN.DE","2022-12-30","49.13","49.28","48.33","48.33","1085279","-0.805","-1.63","48.7675",
"BAYN.DE","2022-12-29","48.69","49.24","48.55","49.24","1303740","0.55","1.13","48.93",
"BAYN.DE","2022-12-28","48.63","48.98","48.31","48.67","1327402","0.035","0.08225375","48.6475",
"BAYN.DE","2022-12-27","48.9","48.97","48.31","48.49","1296816","-0.41","-0.83845","48.6675",
"BAYN.DE","2022-12-23","48.47","48.81","48.36","48.62","1465833","0.15","0.30947","48.565",
"BAYN.DE","2022-12-22","49.1","49.36","48.37","48.55","1991801","-0.55","-1.12","48.845",
"BAYN.DE","2022-12-21","49.33","49.63","48.75","49.01","2421742","-0.32","-0.64869","49.18",
"BAYN.DE","2022-12-20","48.76","49.49","48.54","49.37","2745130","0.615","1.25","49.04",
"BAYN.DE","2022-12-19","48.64","49.09","48.63","48.81","2310033","0.165","0.34951","48.7925",
"BAYN.DE","2022-12-16","50.31","50.38","48.44","48.56","9213424","-1.75","-3.48","49.4225",
"BAYN.DE","2022-12-15","51.92","52.27","50.48","50.48","3413536","-1.44","-2.77","51.2875",
"BAYN.DE","2022-12-14","52.29","52.38","51.43","52.05","3136941","-0.24","-0.45898","52.0375",
"BAYN.DE","2022-12-13","52.39","53.2","52.21","52.45","2341650","0.060002","0.11453","52.5625",
"BAYN.DE","2022-12-12","52.52","53.01","52.32","52.32","1868196","-0.2","-0.38081","52.5425",
"BAYN.DE","2022-12-09","52.82","53.05","52.32","52.88","1885140","0.060001","0.11359","52.7675",
"BAYN.DE","2022-12-08","52.99","53.01","52.25","52.73","2064612","-0.26","-0.49066","52.745",
"BAYN.DE","2022-12-07","52.85","53.07","52.45","52.8","1997961","-0.049999","-0.09460738","52.7925",
"BAYN.DE","2022-12-06","53.08","53.35","52.77","52.89","1862121","-0.19","-0.35795","53.0225",
"BAYN.DE","2022-12-05","54.12","54.18","53.07","53.09","3062782","-1.03","-1.9","53.615",
"BAYN.DE","2022-12-02","55.07","55.26","54.16","54.84","2184541","-0.23","-0.41765","54.8325",
"BAYN.DE","2022-12-01","55.25","55.57","54.3","55.03","1927690","-0.22","-0.39819","55.0375",
"BAYN.DE","2022-11-30","56.04","56.25","55.18","55.38","4165305","-0.66","-1.18","55.7125",
"BAYN.DE","2022-11-29","55.8","56.39","55.41","55.96","1668243","0.16","0.28674","55.89",
"BAYN.DE","2022-11-28","55.48","55.91","55.2","55.75","1872633","0.27","0.48666","55.585",
"BAYN.DE","2022-11-25","55.65","55.8","55.17","55.45","1665141","-0.2","-0.35939","55.5175",
"BAYN.DE","2022-11-24","54.5","55.62","54.47","55.51","1744348","1.01","1.85","55.025",
"BAYN.DE","2022-11-23","54.96","55.33","54.37","54.49","1862807","-0.47","-0.85517","54.7875",
"BAYN.DE","2022-11-22","54.29","55.13","54.29","54.61","2067401","0.32","0.58943","54.58",
"BAYN.DE","2022-11-21","53.48","54.56","53.48","54.4","1821316","0.92","1.72","53.98",
"BAYN.DE","2022-11-18","52.79","53.94","52.79","53.79","3460506","1","1.89","53.3275",
"BAYN.DE","2022-11-17","52.77","52.77","51.76","52.53","1647556","-0.24","-0.4548","52.4575",
"BAYN.DE","2022-11-16","53.4","53.87","52.55","52.62","2573663","-0.78","-1.46","53.11",
"BAYN.DE","2022-11-15","51.5","53.71","51.5","53.42","3906364","1.92","3.73","52.5325",
"BAYN.DE","2022-11-14","50.17","51.99","49.96","51.32","2890597","1.15","2.29","50.86",
"BAYN.DE","2022-11-11","51.23","51.36","50.17","50.19","4270279","-1.04","-2.03","50.7375",
"BAYN.DE","2022-11-10","50.12","51.94","49.93","51.41","4856043","1.29","2.57","50.85",
"BAYN.DE","2022-11-09","51.13","51.51","49.55","50.26","5763390","-0.87","-1.7","50.6125",
"BAYN.DE","2022-11-08","54.23","54.35","51.22","51.7","5620757","-2.53","-4.67","52.875",
"BAYN.DE","2022-11-07","53.78","54.63","53.6","54.28","1850537","0.5","0.92971","54.0725",
"BAYN.DE","2022-11-04","53.4","54.35","53.15","53.88","2096827","0.48","0.89888","53.695",
"BAYN.DE","2022-11-03","53.15","53.62","52.47","53.07","1458818","-0.080002","-0.15052","53.0775",
"BAYN.DE","2022-11-02","54.01","54.12","53.16","53.41","1476862","-0.6","-1.11","53.675",
"BAYN.DE","2022-11-01","53.85","54.09","53.47","53.86","1462477","0.010003","0.0185701","53.8175",
"BAYN.DE","2022-10-31","52.86","53.44","52.7","53.22","1294848","0.36","0.68104","53.055",
"BAYN.DE","2022-10-28","51.75","53.12","51.75","52.7","1793762","0.95","1.84","52.33",
"BAYN.DE","2022-10-27","51.63","52.27","51.61","52.08","1653514","0.45","0.87159","51.8975",
"BAYN.DE","2022-10-26","50.91","52.04","50.87","51.78","1766250","0.87","1.71","51.4",
"BAYN.DE","2022-10-25","51.85","51.88","50.54","50.87","1733522","-0.98","-1.89","51.285",
"BAYN.DE","2022-10-24","50.19","51.34","50.07","51","1678037","0.81","1.61","50.65",
"BAYN.DE","2022-10-21","49.53","50.36","49.13","50","2516317","0.47","0.94892","49.755",
"BAYN.DE","2022-10-20","49.55","50.07","49.01","49.8","1649427","0.25","0.50454","49.6075",
"BAYN.DE","2022-10-19","49.94","50.11","49.4","49.75","1593739","-0.19","-0.38046","49.8",
"BAYN.DE","2022-10-18","50.5","50.68","49.65","49.74","1826716","-0.765","-1.5","50.1425",
"BAYN.DE","2022-10-17","48.81","50.34","48.62","50.22","1569333","1.42","2.89","49.4975",
"BAYN.DE","2022-10-14","49.79","49.9","48.82","49","2431375","-0.795","-1.59","49.3775",
"BAYN.DE","2022-10-13","49.04","49.88","48.54","49.79","2456442","0.75","1.53","49.3125",
"BAYN.DE","2022-10-12","48.58","49.65","48.47","49.2","2945408","0.62","1.28","48.975",
"BAYN.DE","2022-10-11","47.38","48.42","47.26","48.42","1846434","1.03","2.2","47.87",
"BAYN.DE","2022-10-10","47.1","47.82","47.04","47.54","2130813","0.435","0.93418","47.375",
"BAYN.DE","2022-10-07","47.51","48.2","47.31","47.42","2345429","-0.095001","-0.18943","47.61",
"BAYN.DE","2022-10-06","48.79","48.85","47.67","47.71","1771630","-1.08","-2.21","48.255",
"BAYN.DE","2022-10-05","49.03","49.33","48.6","48.65","2265672","-0.375","-0.77504","48.9025",
"BAYN.DE","2022-10-04","48.76","48.9","48.24","48.65","3181766","-0.115","-0.22559","48.6375",
"BAYN.DE","2022-10-03","47.07","48.09","46.7","47.96","1670533","0.885","1.89","47.455",
"BAYN.DE","2022-09-30","48.09","48.57","47.03","47.42","3141744","-0.675","-1.39","47.7775",
"BAYN.DE","2022-09-29","48.01","48.21","47.19","47.72","2650625","-0.29","-0.60404","47.7825",
"BAYN.DE","2022-09-28","47.57","48.19","47.01","48.19","2961208","0.62","1.3","47.74",
"BAYN.DE","2022-09-27","48.9","49.38","48.16","48.26","2427323","-0.64","-1.31","48.675",
"BAYN.DE","2022-09-26","49.8","49.83","48.31","48.37","3191043","-1.43","-2.87","49.0775",
"BAYN.DE","2022-09-23","51.76","51.76","49.43","49.58","2994304","-2.18","-4.21","50.6325",
"BAYN.DE","2022-09-22","51.5","52.34","51.45","51.5","2016895","0","0","51.6975",
"BAYN.DE","2022-09-21","51.65","52.37","51.59","52.15","1500256","0.5","0.96805","51.94",
"BAYN.DE","2022-09-20","52.7","53.04","51.92","52.08","1691902","-0.62","-1.18","52.435",
"BAYN.DE","2022-09-19","51.99","52.8","51.56","52.42","1301283","0.43","0.82708","52.1925",
"BAYN.DE","2022-09-16","52.94","53.19","52.05","52.29","4445433","-0.65","-1.23","52.6175",
"BAYN.DE","2022-09-15","53.69","54.21","53.01","53.12","2221686","-0.57","-1.06","53.5075",
"BAYN.DE","2022-09-14","53.55","54.59","53.5","53.73","2076536","0.18","0.33613","53.8425",
"BAYN.DE","2022-09-13","54.09","55.94","53.78","53.86","3122233","-0.23","-0.42522","54.4175",
"BAYN.DE","2022-09-12","53","54.29","52.7","54.09","1970486","1.09","2.06","53.52",
"BAYN.DE","2022-09-09","52.31","53.28","52.25","52.87","2320655","0.56","1.07","52.6775",
"BAYN.DE","2022-09-08","51.4","52","50.22","51.91","3547177","0.51","0.99222","51.3825",
"BAYN.DE","2022-09-07","51.09","51.46","50.66","51.06","2429549","-0.029999","-0.05871991","51.0675",
"BAYN.DE","2022-09-06","52.01","52.19","51.16","51.51","1930233","-0.5","-0.96135","51.7175",
"BAYN.DE","2022-09-05","51.18","52.05","51.01","51.81","1587137","0.63","1.23","51.5125",
"BAYN.DE","2022-09-02","51.75","52.66","51.25","52.63","2664322","0.88","1.7","52.0725",
"BAYN.DE","2022-09-01","51.79","51.91","50.72","51.18","2478227","-0.61","-1.18","51.4",
"BAYN.DE","2022-08-31","51.99","52.6","51.59","52.6","4171490","0.61","1.17","52.195",
"BAYN.DE","2022-08-30","51.4","53.22","51.38","51.86","3280969","0.46","0.89494","51.965",
"BAYN.DE","2022-08-29","52.58","52.78","50.31","51.07","4422188","-1.51","-2.87","51.685",
"BAYN.DE","2022-08-26","54.64","55.12","53.7","53.7","2385448","-0.94","-1.72","54.29",
"BAYN.DE","2022-08-25","53.73","54.65","53.7","54.55","2142222","0.82","1.53","54.1575",
"BAYN.DE","2022-08-24","53.49","53.8","52.49","53.47","1691847","-0.020001","-0.03739017","53.3125",
"BAYN.DE","2022-08-23","53.13","54.13","53.12","53.49","2310282","0.36","0.67758","53.4675",
"BAYN.DE","2022-08-22","54.39","54.48","53.17","53.41","2183149","-0.98","-1.8","53.8625",
"BAYN.DE","2022-08-19","53.69","54.47","53.14","54.4","2960907","0.71","1.32","53.925",
"BAYN.DE","2022-08-18","53.44","54.06","53.21","54.06","1734162","0.62","1.16","53.6925",
"BAYN.DE","2022-08-17","54.42","54.46","53.26","53.37","1827257","-1.05","-1.93","53.8775",
"BAYN.DE","2022-08-16","53.76","55","53.72","54.3","2410144","0.54","1","54.195",
"BAYN.DE","2022-08-15","54.03","54.64","53.35","53.56","2133153","-0.47","-0.86989","53.895",
"BAYN.DE","2022-08-12","51.81","54.29","51.81","54.15","4532250","2.34","4.52","53.015",
"BAYN.DE","2022-08-11","52.2","52.4","51.36","51.68","2319226","-0.52","-0.99617","51.91",
"BAYN.DE","2022-08-10","52.29","52.68","51.75","51.9","2240622","-0.39","-0.74584","52.155",
"BAYN.DE","2022-08-09","52.95","53.05","51.82","52.16","3255300","-0.79","-1.49","52.495",
"BAYN.DE","2022-08-08","53.51","53.6","51.74","52.95","5017442","-0.56","-1.05","52.95",
"BAYN.DE","2022-08-05","56.9","57.04","53.26","53.28","6106060","-3.62","-6.36","55.12",
"BAYN.DE","2022-08-04","59.05","59.41","56.52","57.28","3383752","-1.77","-3","58.065",
"BAYN.DE","2022-08-03","58.01","58.76","57.47","58.76","2004701","0.75","1.29","58.25",
"BAYN.DE","2022-08-02","56.53","58.14","56.47","58","2388667","1.47","2.6","57.285",
"BAYN.DE","2022-08-01","56.97","57.5","56.61","56.72","1741557","-0.25","-0.43883","56.95",
"BAYN.DE","2022-07-29","57.25","57.33","56.87","57","2585670","-0.25","-0.43668","57.1125",
"BAYN.DE","2022-07-28","57.29","57.39","56.46","57","2410070","-0.29","-0.5062","57.035",
"BAYN.DE","2022-07-27","57.84","58.05","56.87","57.02","1962430","-0.82","-1.42","57.445",
"BAYN.DE","2022-07-26","58.03","58.43","57.13","57.69","1383446","-0.34","-0.5859","57.82",
"BAYN.DE","2022-07-25","56.62","57.99","56.62","57.69","1418004","1.07","1.89","57.23",
"BAYN.DE","2022-07-22","57.21","57.42","56.62","56.79","1615281","-0.42","-0.73414","57.01",
"BAYN.DE","2022-07-21","58.61","59.1","57.13","57.4","3192496","-1.21","-2.06","58.06",
"BAYN.DE","2022-07-20","58.5","59.36","58.34","58.84","2622082","0.34","0.5812","58.76",
"BAYN.DE","2022-07-19","55.09","59","55.02","58.07","3225844","2.98","5.41","56.795",
"BAYN.DE","2022-07-18","55.9","56.11","55.14","55.43","1774354","-0.47","-0.84079","55.645",
"BAYN.DE","2022-07-15","54.4","55.73","54.35","55.63","2561043","1.23","2.26","55.0275",
"BAYN.DE","2022-07-14","56.05","56.21","54.23","54.42","2446842","-1.63","-2.91","55.2275",
"BAYN.DE","2022-07-13","55.94","56.33","54.75","56.15","2304607","0.21","0.3754","55.7925",
"BAYN.DE","2022-07-12","55.93","56.49","55.45","56.44","2322392","0.51","0.91185","56.0775",
"BAYN.DE","2022-07-11","57.1","57.25","56.08","56.15","2109888","-0.95","-1.66","56.645",
"BAYN.DE","2022-07-08","56.34","58.08","56.18","57.83","2550293","1.49","2.64","57.1075",
"BAYN.DE","2022-07-07","56.74","57.04","56.11","56.59","2077345","-0.15","-0.26436","56.62",
"BAYN.DE","2022-07-06","55.98","57.03","55.88","56.19","2354615","0.21","0.37513","56.27",
"BAYN.DE","2022-07-05","57.34","57.42","55.23","55.52","3472768","-1.82","-3.17","56.3775",
"BAYN.DE","2022-07-04","57.94","58.08","56.95","57.24","1710426","-0.7","-1.21","57.5525",
"BAYN.DE","2022-07-01","56.36","57.42","55.75","57.35","2173516","0.99","1.76","56.72",
"BAYN.DE","2022-06-30","57.3","57.83","56.32","56.72","3198388","-0.58","-1.01","57.0425",
"BAYN.DE","2022-06-29","59.41","59.84","57.35","57.62","3447646","-1.79","-3.01","58.555",
"BAYN.DE","2022-06-28","59.68","60.44","59.39","60.23","2795521","0.55","0.92158","59.935",
"BAYN.DE","2022-06-27","57.1","59.67","57.1","59.4","4001268","2.3","4.03","58.3175",
"BAYN.DE","2022-06-24","58.65","58.89","56.72","57.79","5321307","-0.86","-1.47","58.0125",
"BAYN.DE","2022-06-23","60.83","60.9","58.54","58.54","3993698","-2.29","-3.76","59.7025",
"BAYN.DE","2022-06-22","61.15","61.46","59.04","60.74","4196714","-0.41","-0.67048","60.5975",
"BAYN.DE","2022-06-21","63.7","64.37","60.36","62.06","6229104","-1.64","-2.57","62.6225",
"BAYN.DE","2022-06-20","62.89","63.6","62.28","63.36","2470178","0.47","0.74734","63.0325",
"BAYN.DE","2022-06-17","61.75","62.97","60.77","62.55","7095172","0.8","1.3","62.01",
"BAYN.DE","2022-06-16","63.43","63.57","61.54","61.75","3008124","-1.68","-2.65","62.5725",
"BAYN.DE","2022-06-15","63.8","64.53","62.72","63.54","2960355","-0.26","-0.40752","63.6475",
"BAYN.DE","2022-06-14","63.84","64.61","63.01","63.61","3514211","-0.23","-0.36028","63.7675",
"BAYN.DE","2022-06-13","62.75","63.96","62.75","63.47","3889793","0.72","1.15","63.2325",
"BAYN.DE","2022-06-10","66.04","66.16","63.27","63.56","3461306","-2.48","-3.76","64.7575",
"BAYN.DE","2022-06-09","65.71","66.21","65.3","65.39","2223991","-0.32","-0.48699","65.6525",
"BAYN.DE","2022-06-08","66.58","66.73","65.71","65.87","2415634","-0.71","-1.07","66.2225",
"BAYN.DE","2022-06-07","66.32","66.76","64.91","65.92","2620109","-0.4","-0.60314","65.9775",
"BAYN.DE","2022-06-06","66.31","67.24","65.83","66.68","1810759","0.37","0.55799","66.515",
"BAYN.DE","2022-06-03","65.86","66.12","65.37","66.12","1503071","0.26","0.39478","65.8675",
"BAYN.DE","2022-06-02","66.96","67.03","65.32","65.51","2141514","-1.45","-2.17","66.205",
"BAYN.DE","2022-06-01","66.64","67.49","66.6","66.74","3014488","0.099999","0.15006","66.8675",
"BAYN.DE","2022-05-31","66.32","67.08","66.21","66.58","3810150","0.26","0.39204","66.5475",
"BAYN.DE","2022-05-30","66.65","66.95","66.34","66.5","2301777","-0.15","-0.22506","66.61",
"BAYN.DE","2022-05-27","65.99","66.6","65.38","66.58","3310727","0.59","0.89407","66.1375",
"BAYN.DE","2022-05-26","64.48","65.98","64.37","65.9","3149253","1.42","2.2","65.1825",
"BAYN.DE","2022-05-25","63.51","64.19","63.35","63.78","1738849","0.27","0.42513","63.7075",
"BAYN.DE","2022-05-24","63.89","64.31","63.29","63.29","2582622","-0.6","-0.93911","63.695",
"BAYN.DE","2022-05-23","64.4","64.54","63.76","64.47","2202703","0.069999","0.1087","64.2925",
"BAYN.DE","2022-05-20","63.73","64.55","63.69","63.74","2625237","0.010002","0.0156912","63.9275",
"BAYN.DE","2022-05-19","63.23","63.74","63.01","63.4","2747497","0.17","0.26886","63.345",
"BAYN.DE","2022-05-18","64.15","64.48","63.71","63.8","2419105","-0.35","-0.5456","64.035",
"BAYN.DE","2022-05-17","64.1","64.12","63.17","64.12","3130456","0.020005","0.03120125","63.8775",
"BAYN.DE","2022-05-16","61.5","63.21","60.78","63.21","3566730","1.71","2.78","62.175",
"BAYN.DE","2022-05-13","60.69","61.99","60.16","61.54","3497863","0.85","1.4","61.095",
"BAYN.DE","2022-05-12","57.31","60.67","57.07","60.4","5388302","3.09","5.39","58.8625",
"BAYN.DE","2022-05-11","57.37","59.13","55.28","58.04","9686962","0.67","1.17","57.455",
"BAYN.DE","2022-05-10","59.89","62.51","57.89","61.89","6545699","2","3.34","60.545",
"BAYN.DE","2022-05-09","59.82","60.47","58.69","58.72","3771768","-1.1","-1.84","59.425",
"BAYN.DE","2022-05-06","60.29","60.62","59.48","59.86","3880464","-0.43","-0.71322","60.0625",
"BAYN.DE","2022-05-05","61.85","61.89","60.33","60.54","2225486","-1.31","-2.12","61.1525",
"BAYN.DE","2022-05-04","60.87","62","60.66","61.1","2922935","0.23","0.37785","61.1575",
"BAYN.DE","2022-05-03","60.3","61.17","60.3","61.14","3537487","0.84","1.39","60.7275",
"BAYN.DE","2022-05-02","60.6","61.3","59.96","60.18","3200564","-0.42","-0.69307","60.51",
"BAYN.DE","2022-04-29","62.4","63.06","62.21","62.9","4788148","0.5","0.80128","62.6425",
"BAYN.DE","2022-04-28","62.8","63.17","61.13","61.99","4597094","-0.81","-1.29","62.2725",
"BAYN.DE","2022-04-27","63.56","64.09","62.31","62.7","4757990","-0.86","-1.35","63.165",
"BAYN.DE","2022-04-26","65.52","65.7","63.76","64","4331458","-1.52","-2.32","64.745",
"BAYN.DE","2022-04-25","65.1","65.51","64.34","64.43","3430959","-0.67","-1.03","64.845",
"BAYN.DE","2022-04-22","65.75","66.6","65.68","66.18","3305780","0.43","0.65399","66.0525",
"BAYN.DE","2022-04-21","65.35","66.67","64.95","66.3","3903285","0.95001","1.45","65.8175",
"BAYN.DE","2022-04-20","66","66.26","63.74","65.07","5384855","-0.93","-1.41","65.2675",
"BAYN.DE","2022-04-19","66.19","67.26","66.03","66.42","3320928","0.23","0.34748","66.475",
"BAYN.DE","2022-04-14","67.7","67.83","67.11","67.3","3830187","-0.39999","-0.59084","67.485",
"BAYN.DE","2022-04-13","67.59","67.99","66.39","67.52","3245883","-0.069999","-0.10357","67.3725",
"BAYN.DE","2022-04-12","66.81","67.79","66.38","67.42","4903625","0.61","0.91304","67.1",
"BAYN.DE","2022-04-11","66.42","67.73","66.4","67.73","3679535","1.31","1.97","67.07",
"BAYN.DE","2022-04-08","66.41","66.84","65.86","66.84","3522431","0.42999","0.64749","66.4875",
"BAYN.DE","2022-04-07","65.66","66.37","65.13","65.5","4389764","-0.16","-0.24368","65.665",
"BAYN.DE","2022-04-06","64.95","65.63","64.71","65.3","4121766","0.35001","0.53888","65.1475",
"BAYN.DE","2022-04-05","65","65.5","64.59","65.06","3466499","0.059998","0.09230769","65.0375",
"BAYN.DE","2022-04-04","65","65.24","64.36","65.07","5361734","0.07","0.10769","64.9175",
"BAYN.DE","2022-04-01","61.95","63.17","61.94","63.02","3447292","1.07","1.73","62.52",
"BAYN.DE","2022-03-31","61.8","62.63","61.74","62.1","3453128","0.3","0.48544","62.0675",
"BAYN.DE","2022-03-30","61.46","61.87","61.2","61.87","3262342","0.41","0.6671","61.6",
"BAYN.DE","2022-03-29","61.28","61.97","60.72","61.97","3725778","0.69","1.13","61.485",
"BAYN.DE","2022-03-28","61.61","62.71","60.78","60.91","4370557","-0.7","-1.14","61.5025",
"BAYN.DE","2022-03-25","59.93","60.95","59.33","60.62","3660553","0.69","1.15","60.2075",
"BAYN.DE","2022-03-24","59.2","59.94","59.18","59.53","2862356","0.33","0.55743","59.4625",
"BAYN.DE","2022-03-23","59.02","59.73","58.98","59.43","2786176","0.41","0.69468","59.29",
"BAYN.DE","2022-03-22","58.91","59.36","58.72","59.17","3771365","0.26","0.44135","59.04",
"BAYN.DE","2022-03-21","57.9","59.16","57.75","58.66","3492017","0.76","1.31","58.3675",
"BAYN.DE","2022-03-18","57.56","58.01","57.1","58.01","5606710","0.45","0.78179","57.67",
"BAYN.DE","2022-03-17","57","57.85","56.61","57.85","4011495","0.85","1.49","57.3275",
"BAYN.DE","2022-03-16","57.1","57.26","56.43","56.98","4920600","-0.12","-0.21016","56.9425",
"BAYN.DE","2022-03-15","55.22","56.18","54.61","55.94","3373508","0.72","1.3","55.4875",
"BAYN.DE","2022-03-14","56.23","56.74","55.54","55.77","3866862","-0.46","-0.81807","56.07",
"BAYN.DE","2022-03-11","53.77","56.11","53.57","55.37","5885146","1.6","2.98","54.705",
"BAYN.DE","2022-03-10","53.81","54.56","52.99","53.77","4539400","-0.040001","-0.07433563","53.7825",
"BAYN.DE","2022-03-09","52.9","53.77","52.5","53.77","7073552","0.87","1.64","53.235",
"BAYN.DE","2022-03-08","50.22","51.66","50.12","50.51","5799171","0.29","0.57746","50.6275",
"BAYN.DE","2022-03-07","49.68","51.55","48.67","50.68","6619671","1","2.01","50.145",
"BAYN.DE","2022-03-04","53.28","53.38","50.94","51.17","6233840","-2.11","-3.96","52.1925",
"BAYN.DE","2022-03-03","53.88","54.75","53.44","53.6","4856065","-0.28","-0.51967","53.9175",
"BAYN.DE","2022-03-02","52.45","54.25","52.45","54","5317521","1.55","2.96","53.2875",
"BAYN.DE","2022-03-01","52.36","53.89","51.35","51.92","7328894","-0.44","-0.84034","52.38",
"BAYN.DE","2022-02-28","51.3","51.82","50.77","51.51","4908626","0.21","0.40936","51.35",
"BAYN.DE","2022-02-25","50.94","52.98","50.79","52.88","5534135","1.94","3.81","51.8975",
"BAYN.DE","2022-02-24","50.87","51.5","50.09","50.6","8314531","-0.27","-0.53076","50.765",
"BAYN.DE","2022-02-23","52.75","53.84","52.7","52.95","3610970","0.2","0.37915","53.06",
"BAYN.DE","2022-02-22","51.5","52.69","50.89","52.41","4602460","0.91","1.77","51.8725",
"BAYN.DE","2022-02-21","54.5","54.79","52.92","53.03","3395424","-1.47","-2.7","53.81",
"BAYN.DE","2022-02-18","54.81","55.74","53.87","54","4900077","-0.81","-1.48","54.605",
"BAYN.DE","2022-02-17","54.03","54.4","53.42","54.08","3180088","0.050003","0.09254118","53.9825",
"BAYN.DE","2022-02-16","53.98","54.28","53.75","54.07","2248957","0.09","0.16673","54.02",
"BAYN.DE","2022-02-15","52.61","53.95","52.6","53.9","2893748","1.29","2.45","53.265",
"BAYN.DE","2022-02-14","52.85","53.37","51.85","52.77","5032372","-0.079998","-0.15137","52.71",
"BAYN.DE","2022-02-11","54.28","54.64","53.75","54.12","2888939","-0.16","-0.29477","54.1975",
"BAYN.DE","2022-02-10","53.56","55.02","53.5","54.59","4524544","1.03","1.92","54.1675",
"BAYN.DE","2022-02-09","52.83","53.38","52.65","53.3","2169834","0.47","0.88965","53.04",
"BAYN.DE","2022-02-08","53.33","53.51","52.61","52.79","2702511","-0.54","-1.01","53.06",
"BAYN.DE","2022-02-07","52.87","53.27","52.42","53.09","2362057","0.22","0.41611","52.9125",
"BAYN.DE","2022-02-04","53.24","53.4","52.51","52.62","3241573","-0.62","-1.16","52.9425",
"BAYN.DE","2022-02-03","53.8","53.91","52.96","52.96","3325324","-0.84","-1.56","53.4075",
"BAYN.DE","2022-02-02","54","54.59","53.61","53.73","2621827","-0.27","-0.5","53.9825",
"BAYN.DE","2022-02-01","53.88","54.31","53.38","54.16","3134533","0.28","0.51967","53.9325",
"BAYN.DE","2022-01-31","54.24","54.28","53.24","53.84","6044092","-0.4","-0.73746","53.9",
"BAYN.DE","2022-01-28","52.5","52.83","51.9","52.83","3338588","0.33","0.62857","52.515",
"BAYN.DE","2022-01-27","51.14","52.81","51.09","52.58","3124651","1.44","2.82","51.905",
"BAYN.DE","2022-01-26","51.23","51.87","51.15","51.55","2686001","0.32","0.62463","51.45",
"BAYN.DE","2022-01-25","50.35","50.99","49.89","50.82","3264976","0.47","0.93347","50.5125",
"BAYN.DE","2022-01-24","51.29","52.04","50","50","4413530","-1.29","-2.52","50.8325",
"BAYN.DE","2022-01-21","52.21","52.51","51.1","51.62","3368244","-0.59","-1.13","51.86",
"BAYN.DE","2022-01-20","52.04","52.78","51.93","52.7","2510174","0.66","1.27","52.3625",
"BAYN.DE","2022-01-19","51.54","52.34","51.11","52.12","2849403","0.58","1.13","51.7775",
"BAYN.DE","2022-01-18","52.58","53.03","51.73","52.06","3543513","-0.52","-0.98897","52.35",
"BAYN.DE","2022-01-17","52.92","53.04","52.21","52.82","2340139","-0.099998","-0.18896","52.7475",
"BAYN.DE","2022-01-14","50.75","52.64","50.71","52.59","5418832","1.84","3.63","51.6725",
"BAYN.DE","2022-01-13","50.94","51.25","50.4","51.06","2340415","0.12","0.23557","50.9125",
"BAYN.DE","2022-01-12","51.81","51.89","51.08","51.14","3878207","-0.67","-1.29","51.48",
"BAYN.DE","2022-01-11","50.28","51.31","50.19","51.3","4861439","1.02","2.03","50.77",
"BAYN.DE","2022-01-10","48.97","50.15","48.86","50.04","4347722","1.08","2.19","49.505",
"BAYN.DE","2022-01-07","48.26","48.81","47.67","48.79","2903500","0.535","1.1","48.3825",
"BAYN.DE","2022-01-06","48.3","48.79","48","48.33","2427637","0.030003","0.0621118","48.355",
"BAYN.DE","2022-01-05","48.56","48.81","48.38","48.79","2394804","0.225","0.47364","48.635",
"BAYN.DE","2022-01-04","47.7","48.54","47.61","48.52","3116162","0.82","1.72","48.0925",
"BAYN.DE","2022-01-03","47.38","47.87","47.2","47.67","2078776","0.29","0.61207","47.53",
"BAYN.DE","2021-12-30","46.67","47.2","46.6","47","1558821","0.33","0.70709","46.8675",
"BAYN.DE","2021-12-29","47.1","47.24","46.88","46.95","1341451","-0.15","-0.31847","47.0425",
"BAYN.DE","2021-12-28","47.14","47.38","46.95","47.15","1412889","0.010003","0.02121341","47.155",
"BAYN.DE","2021-12-27","46.5","47.21","46.47","47.09","1480275","0.59","1.27","46.8175",
"BAYN.DE","2021-12-23","45.95","46.72","45.92","46.63","2281520","0.675","1.48","46.305",
"BAYN.DE","2021-12-22","45.46","45.78","45.31","45.73","1448260","0.27","0.59393","45.57",
"BAYN.DE","2021-12-21","45.5","46.05","45.19","45.61","3143313","0.105","0.24176","45.5875",
"BAYN.DE","2021-12-20","45.68","45.68","44.6","45.36","3334442","-0.325","-0.70053","45.33",
"BAYN.DE","2021-12-17","46.56","46.92","46.36","46.53","5025504","-0.034999","-0.06443299","46.5925",
"BAYN.DE","2021-12-16","46.4","47.1","46.31","46.71","3403857","0.305","0.6681","46.63",
"BAYN.DE","2021-12-15","46.45","46.61","45.53","45.95","3056948","-0.5","-1.08","46.135",
"BAYN.DE","2021-12-14","46.8","47.17","46.26","46.4","2688710","-0.395","-0.8547","46.6575",
"BAYN.DE","2021-12-13","46.81","48.08","46.17","46.58","5521261","-0.24","-0.49135","46.91",
"BAYN.DE","2021-12-10","46.67","47.15","46.31","46.61","3617352","-0.064998","-0.12856","46.685",
"BAYN.DE","2021-12-09","45.85","46.15","45.5","45.79","2204413","-0.064998","-0.13086","45.8225",
"BAYN.DE","2021-12-08","45.89","46.3","45.61","45.74","2628899","-0.15","-0.32687","45.885",
"BAYN.DE","2021-12-07","45","45.83","44.65","45.71","4101114","0.71","1.58","45.2975",
"BAYN.DE","2021-12-06","44.58","44.77","43.9","44.58","4171772","0","0","44.4575",
"BAYN.DE","2021-12-03","45.06","45.2","44.01","44.26","4169355","-0.805","-1.78","44.6325",
"BAYN.DE","2021-12-02","45","45.25","44.8","44.94","3055218","-0.064999","-0.13333","44.9975",
"BAYN.DE","2021-12-01","44.58","45.53","44.49","45.37","3425864","0.79","1.77","44.9925",
"BAYN.DE","2021-11-30","45","45.13","44.22","44.52","5823669","-0.48","-1.07","44.7175",
"BAYN.DE","2021-11-29","45.94","46.01","45.11","45.32","3396678","-0.615","-1.35","45.595",
"BAYN.DE","2021-11-26","46.86","46.86","45.45","45.54","5036499","-1.31","-2.82","46.1775",
"BAYN.DE","2021-11-25","47.56","47.67","47.29","47.42","2009929","-0.13","-0.29437","47.485",
"BAYN.DE","2021-11-24","48.62","48.74","47.31","47.47","3460615","-1.15","-2.37","48.035",
"BAYN.DE","2021-11-23","47.95","48.94","47.92","48.69","2711486","0.74","1.54","48.375",
"BAYN.DE","2021-11-22","48.42","48.58","47.83","48.2","2693431","-0.22","-0.45436","48.2575",
"BAYN.DE","2021-11-19","49.42","49.58","48.01","48.13","4544149","-1.29","-2.61","48.785",
"BAYN.DE","2021-11-18","49.76","49.83","49.27","49.3","2286031","-0.455","-0.92444","49.54",
"BAYN.DE","2021-11-17","50.09","50.15","49.57","49.9","2509295","-0.195","-0.37932","49.9275",
"BAYN.DE","2021-11-16","50.26","50.58","50.12","50.12","1974335","-0.14","-0.27855","50.27",
"BAYN.DE","2021-11-15","50.8","51.03","50.31","50.37","1711118","-0.43","-0.84646","50.6275",
"BAYN.DE","2021-11-12","51","51.46","50.75","50.79","2247535","-0.21","-0.41176","51",
"BAYN.DE","2021-11-11","51.25","51.42","50.72","50.86","1991999","-0.39","-0.76098","51.0625",
"BAYN.DE","2021-11-10","51.01","51.67","50.36","51.25","3201356","0.24","0.4705","51.0725",
"BAYN.DE","2021-11-09","51.11","51.84","50.75","50.75","3703576","-0.36","-0.70436","51.1125",
"BAYN.DE","2021-11-08","49.83","50.29","49.74","50.01","1919857","0.18","0.36123","49.9675",
"BAYN.DE","2021-11-05","49.95","50.18","49.5","49.72","2279876","-0.22","-0.46046","49.8375",
"BAYN.DE","2021-11-04","50.42","50.82","49.88","49.95","1972173","-0.47","-0.93217","50.2675",
"BAYN.DE","2021-11-03","50","50.35","49.63","50.25","2334202","0.25","0.5","50.0575",
"BAYN.DE","2021-11-02","49.52","50.06","49.51","49.99","2871038","0.465","0.94911","49.77",
"BAYN.DE","2021-11-01","49","49.64","48.96","49.48","2146690","0.48","0.97959","49.27",
"BAYN.DE","2021-10-29","48.4","49.26","48.26","48.67","3379273","0.265","0.55785","48.6475",
"BAYN.DE","2021-10-28","48.48","48.81","48.17","48.74","1673032","0.255","0.5363","48.55",
"BAYN.DE","2021-10-27","48.8","48.96","48.42","48.6","1798749","-0.205","-0.40984","48.695",
"BAYN.DE","2021-10-26","48.63","49.04","48.38","48.79","1993027","0.16","0.32902","48.71",
"BAYN.DE","2021-10-25","48.44","48.99","48.17","48.46","2017128","0.015003","0.04128819","48.515",
"BAYN.DE","2021-10-22","48.18","48.53","48.05","48.32","1491925","0.14","0.29058","48.27",
"BAYN.DE","2021-10-21","47.97","48.35","47.74","48.19","1970574","0.22","0.45862","48.0625",
"BAYN.DE","2021-10-20","47.38","48.4","47.26","48.17","2975899","0.8","1.67","47.8025",
"BAYN.DE","2021-10-19","46.55","47.33","45.69","47.28","3984741","0.73","1.57","46.7125",
"BAYN.DE","2021-10-18","47.92","48","46.52","46.62","2900402","-1.3","-2.71","47.265",
"BAYN.DE","2021-10-15","47.79","48.12","47.57","47.88","2973506","0.099998","0.18832","47.84",
"BAYN.DE","2021-10-14","47.25","47.97","46.69","47.78","2595365","0.53","1.12","47.4225",
"BAYN.DE","2021-10-13","47.65","47.65","46.72","47.08","2863167","-0.565","-1.2","47.275",
"BAYN.DE","2021-10-12","48.1","48.18","47.58","47.72","2603595","-0.385","-0.79002","47.895",
"BAYN.DE","2021-10-11","48","49.11","47.71","48.62","3141349","0.615","1.29","48.36",
"BAYN.DE","2021-10-08","47.36","47.97","47.26","47.75","1948067","0.39","0.82348","47.585",
"BAYN.DE","2021-10-07","46.62","47.49","46.5","47.36","3067970","0.74","1.59","46.9925",
"BAYN.DE","2021-10-06","47.17","47.42","45.76","46.33","3975407","-0.84","-1.78","46.67",
"BAYN.DE","2021-10-05","46.61","46.75","46.03","46.17","2251305","-0.445","-0.944","46.39",
"BAYN.DE","2021-10-04","46.26","47.05","46.26","46.61","1721690","0.355","0.75659","46.545",
"BAYN.DE","2021-10-01","46.68","46.92","46.23","46.54","2198348","-0.14","-0.29991","46.5925",
"BAYN.DE","2021-09-30","47.65","47.68","46.83","47.01","2635111","-0.64","-1.34","47.2925",
"BAYN.DE","2021-09-29","47.1","47.51","46.48","47.42","2396947","0.32","0.67941","47.1275",
"BAYN.DE","2021-09-28","47.31","47.85","46.9","46.92","2788071","-0.395","-0.82435","47.245",
"BAYN.DE","2021-09-27","46.86","47.65","46.74","47.29","2450027","0.44","0.91763","47.135",
"BAYN.DE","2021-09-24","46.56","46.72","46.24","46.49","1600822","-0.07","-0.15034","46.5025",
"BAYN.DE","2021-09-23","46.83","46.83","46.4","46.51","1810831","-0.315","-0.68332","46.6425",
"BAYN.DE","2021-09-22","45.91","46.82","45.79","46.56","2429591","0.65","1.42","46.27",
"BAYN.DE","2021-09-21","45.36","45.96","45.07","45.81","2365800","0.46","0.99206","45.55",
"BAYN.DE","2021-09-20","44.9","45.39","44.47","45.27","3889600","0.37","0.82405","45.0075",
"BAYN.DE","2021-09-17","45.84","46","45.06","45.21","5719644","-0.63","-1.37","45.5275",
"BAYN.DE","2021-09-16","45.55","46.2","45.46","45.64","1949028","0.09","0.19759","45.7125",
"BAYN.DE","2021-09-15","45.75","45.97","45.41","45.41","2382083","-0.34","-0.74317","45.635",
"BAYN.DE","2021-09-14","45.92","46.14","45.76","45.9","1769140","-0.024998","-0.04355401","45.93",
"BAYN.DE","2021-09-13","45.95","46.5","45.86","45.92","1864109","-0.025002","-0.06528836","46.0575",
"BAYN.DE","2021-09-10","45.1","46","45.1","45.78","2733363","0.675","1.51","45.495",
"BAYN.DE","2021-09-09","46.31","46.35","44.66","45.54","4477229","-0.78","-1.66","45.715",
"BAYN.DE","2021-09-08","47.2","47.26","46.38","46.5","3274794","-0.7","-1.48","46.835",
"BAYN.DE","2021-09-07","47.77","47.81","47.29","47.39","1581965","-0.38","-0.79548","47.565",
"BAYN.DE","2021-09-06","47.71","47.9","47.37","47.74","1192043","0.035","0.0628799","47.68",
"BAYN.DE","2021-09-03","47.82","48.1","47.1","47.47","1854833","-0.345","-0.73191","47.6225",
"BAYN.DE","2021-09-02","47.32","47.74","47.24","47.69","1379207","0.37","0.78191","47.4975",
"BAYN.DE","2021-09-01","47.4","48.17","47.23","47.27","2621340","-0.13","-0.27426","47.5175",
"BAYN.DE","2021-08-31","47.15","47.49","46.92","47.15","2858423","0","0","47.1775",
"BAYN.DE","2021-08-30","47.39","47.4","47.06","47.14","1088525","-0.25","-0.52754","47.2475",
"BAYN.DE","2021-08-27","47.28","47.43","47.01","47.31","1068979","0.030002","0.06345178","47.2575",
"BAYN.DE","2021-08-26","47.52","47.61","46.95","47.34","1960640","-0.18","-0.37879","47.355",
"BAYN.DE","2021-08-25","47.99","48.24","47.65","47.77","1603747","-0.215","-0.45843","47.9125",
"BAYN.DE","2021-08-24","47.88","48.21","47.74","48.05","1653859","0.165","0.35505","47.97",
"BAYN.DE","2021-08-23","47.74","47.9","47.44","47.79","1569913","0.049999","0.10473","47.7175",
"BAYN.DE","2021-08-20","47.53","47.53","46.85","47.41","2566851","-0.12","-0.25247","47.33",
"BAYN.DE","2021-08-19","47.38","47.76","47.11","47.65","2457124","0.26","0.56986","47.475",
"BAYN.DE","2021-08-18","47.92","48.04","47.53","47.92","1975820","-0.009998","0","47.8525",
"BAYN.DE","2021-08-17","47.63","48.03","47.26","47.86","1841355","0.23","0.48289","47.695",
"BAYN.DE","2021-08-16","47.72","48","47.41","47.76","2118188","0.040001","0.0838223","47.7225",
"BAYN.DE","2021-08-13","48.11","48.3","47.67","47.79","2526703","-0.32","-0.66514","47.9675",
"BAYN.DE","2021-08-12","47.2","48.08","47.17","47.97","2894116","0.77","1.63","47.605",
"BAYN.DE","2021-08-11","47.38","47.76","47.17","47.29","2720152","-0.09","-0.18995","47.4",
"BAYN.DE","2021-08-10","46.97","47.57","46.69","47.29","3400191","0.32","0.68129","47.13",
"BAYN.DE","2021-08-09","47.26","47.38","46.47","47.21","2876188","-0.054996","-0.1058","47.08",
"BAYN.DE","2021-08-06","46.75","47.79","46.32","47.02","6781173","0.27","0.57754","46.97",
"BAYN.DE","2021-08-05","49.16","49.54","46.04","46.04","15176323","-3.12","-6.35","47.695",
"BAYN.DE","2021-08-04","50.28","50.37","49.5","49.83","2505219","-0.455","-0.89499","49.995",
"BAYN.DE","2021-08-03","50.54","50.67","49.87","50.11","2388143","-0.43","-0.85081","50.2975",
"BAYN.DE","2021-08-02","50.5","50.83","50.26","50.51","1800973","0.009998","0.01980198","50.525",
"BAYN.DE","2021-07-30","50.51","50.84","50.29","50.29","2977898","-0.22","-0.43556","50.4825",
"BAYN.DE","2021-07-29","50.53","51.7","50.34","51.16","3942167","0.63","1.25","50.9325",
"BAYN.DE","2021-07-28","50.2","50.72","50.02","50.52","2267336","0.32","0.63745","50.365",
"BAYN.DE","2021-07-27","51.19","51.24","49.99","50.45","2741719","-0.74","-1.45","50.7175",
"BAYN.DE","2021-07-26","51.12","51.54","50.7","51.37","1494920","0.25","0.48905","51.1825",
"BAYN.DE","2021-07-23","51.11","51.42","50.94","51.2","1734624","0.09","0.17609","51.1675",
"BAYN.DE","2021-07-22","51.1","51.64","50.85","51.13","1555488","0.030003","0.05870841","51.18",
"BAYN.DE","2021-07-21","50.75","51.47","50.5","51.06","2264485","0.31","0.61084","50.945",
"BAYN.DE","2021-07-20","49.74","50.58","49.68","50.21","2647199","0.475","0.94491","50.0525",
"BAYN.DE","2021-07-19","50.64","50.67","49.01","49.4","3755161","-1.24","-2.45","49.93",
"BAYN.DE","2021-07-16","50.47","51.4","50.46","50.67","2397331","0.2","0.39628","50.75",
"BAYN.DE","2021-07-15","50.89","50.89","50.1","50.53","2216987","-0.36","-0.70741","50.6025",
"BAYN.DE","2021-07-14","50.55","51.43","50.45","51","2214266","0.45","0.89021","50.8575",
"BAYN.DE","2021-07-13","50.5","50.72","50.21","50.65","1981995","0.15","0.29703","50.52",
"BAYN.DE","2021-07-12","50.59","50.81","50.18","50.67","2211517","0.079998","0.15813","50.5625",
"BAYN.DE","2021-07-09","51","51.35","50.71","50.83","2792924","-0.17","-0.33333","50.9725",
"BAYN.DE","2021-07-08","50.51","51.06","49.83","50.6","3747138","0.09","0.17818","50.5",
"BAYN.DE","2021-07-07","50.69","51.02","50.54","50.97","1795912","0.28","0.55238","50.805",
"BAYN.DE","2021-07-06","51.4","51.52","50.53","50.68","2193925","-0.72","-1.4","51.0325",
"BAYN.DE","2021-07-05","51.5","51.57","50.96","51.43","1373519","-0.07","-0.13592","51.365",
"BAYN.DE","2021-07-02","51.99","52.2","51.36","51.47","1603678","-0.52","-1","51.755",
"BAYN.DE","2021-07-01","51.5","52.64","51.47","51.93","2437205","0.43","0.83495","51.885",
"BAYN.DE","2021-06-30","51.42","51.8","50.87","51.21","2393813","-0.21","-0.4084","51.325",
"BAYN.DE","2021-06-29","51.5","52.04","51.37","51.63","1589632","0.13","0.25243","51.635",
"BAYN.DE","2021-06-28","51.68","51.93","51.32","51.51","1423384","-0.17","-0.32895","51.61",
"BAYN.DE","2021-06-25","51.26","51.84","51.19","51.79","1707670","0.53","1.03","51.52",
"BAYN.DE","2021-06-24","50.7","51.63","50.66","51.3","2420413","0.6","1.18","51.0725",
"BAYN.DE","2021-06-23","51.21","51.34","49.69","50.55","4079198","-0.66","-1.29","50.6975",
"BAYN.DE","2021-06-22","52.1","52.27","51.15","51.3","3400967","-0.8","-1.54","51.705",
"BAYN.DE","2021-06-21","52.5","52.69","51.41","52.19","3286683","-0.31","-0.59048","52.1975",
"BAYN.DE","2021-06-18","53.39","53.51","52.6","52.75","5761530","-0.64","-1.2","53.0625",
"BAYN.DE","2021-06-17","52.85","53.81","52.75","53.47","2393429","0.62","1.17","53.22",
"BAYN.DE","2021-06-16","53.59","54","53.21","53.26","2277694","-0.33","-0.61579","53.515",
"BAYN.DE","2021-06-15","53.51","53.84","53.15","53.61","1703725","0.1","0.18688","53.5275",
"BAYN.DE","2021-06-14","53.48","53.8","53.19","53.21","1776133","-0.27","-0.50486","53.42",
"BAYN.DE","2021-06-11","53.26","53.77","52.93","53.47","1967469","0.21","0.39429","53.3575",
"BAYN.DE","2021-06-10","53.06","53.39","52.77","53.12","2046017","0.059998","0.11308","53.085",
"BAYN.DE","2021-06-09","52.77","53.14","52.12","53.01","2455740","0.24","0.4548","52.76",
"BAYN.DE","2021-06-08","52.86","53.4","52.74","52.74","2470159","-0.12","-0.22701","52.935",
"BAYN.DE","2021-06-07","52.61","53.08","52.53","52.95","2390685","0.34","0.64626","52.7925",
"BAYN.DE","2021-06-04","52.57","52.67","52.22","52.66","2126994","0.09","0.1712","52.53",
"BAYN.DE","2021-06-03","51.92","52.65","51.47","52.34","2145585","0.42","0.80894","52.095",
"BAYN.DE","2021-06-02","51.48","52.37","51.45","52.04","2766442","0.56","1.09","51.835",
"BAYN.DE","2021-06-01","51.68","52.25","51.29","51.47","2657054","-0.21","-0.40635","51.6725",
"BAYN.DE","2021-05-31","52.2","52.27","51.21","51.48","3085645","-0.72","-1.38","51.79",
"BAYN.DE","2021-05-28","52.29","52.61","52.15","52.24","3238094","-0.049999","-0.09562058","52.3225",
"BAYN.DE","2021-05-27","53.68","53.68","52.07","52.2","9042176","-1.48","-2.76","52.9075",
"BAYN.DE","2021-05-26","55.27","55.62","54.9","54.97","1639710","-0.3","-0.54279","55.19",
"BAYN.DE","2021-05-25","56.39","56.4","55.26","55.26","2439622","-1.13","-2","55.8275",
"BAYN.DE","2021-05-21","55.78","56.05","55.56","55.99","2924304","0.21","0.37648","55.845",
"BAYN.DE","2021-05-20","55.48","55.85","54.93","55.72","2962660","0.24","0.43259","55.495",
"BAYN.DE","2021-05-19","56","56.42","54.77","55.67","3713649","-0.33","-0.58929","55.715",
"BAYN.DE","2021-05-18","56.89","57.33","56.24","56.32","2531813","-0.57","-1","56.695",
"BAYN.DE","2021-05-17","56.13","57.02","55.26","56.77","3631003","0.64","1.14","56.295",
"BAYN.DE","2021-05-14","57.65","57.73","56.31","57.06","2938241","-0.59","-1.02","57.1875",
"BAYN.DE","2021-05-13","56.75","57.1","55.82","57.08","3530206","0.33","0.5815","56.6875",
"BAYN.DE","2021-05-12","53.95","57.39","53.64","57.3","8277621","3.35","6.21","55.57",
"BAYN.DE","2021-05-11","54.17","54.34","52.9","53.43","3054070","-0.74","-1.37","53.71",
"BAYN.DE","2021-05-10","54.05","54.64","53.93","54.37","1898823","0.32","0.59204","54.2475",
"BAYN.DE","2021-05-07","54","54.16","53.5","54.13","2178910","0.13","0.24074","53.9475",
"BAYN.DE","2021-05-06","53.5","54.26","53.41","53.91","2618671","0.41","0.76636","53.77",
"BAYN.DE","2021-05-05","52.69","53.59","52.67","53.49","2530906","0.8","1.52","53.11",
"BAYN.DE","2021-05-04","53.5","53.84","52.18","52.38","3703167","-1.12","-2.09","52.975",
"BAYN.DE","2021-05-03","54.01","54.12","53.04","53.57","2300564","-0.44","-0.81466","53.685",
"BAYN.DE","2021-04-30","53.49","54.4","53.36","53.82","3838529","0.33","0.61694","53.7675",
"BAYN.DE","2021-04-29","53.52","53.71","52.91","53.15","2348607","-0.37","-0.69133","53.3225",
"BAYN.DE","2021-04-28","52.9","53.48","52.36","53.45","4166723","0.55","1.04","53.0475",
"BAYN.DE","2021-04-27","54.9","54.98","54.19","54.28","3353678","-0.62","-1.13","54.5875",
"BAYN.DE","2021-04-26","54.94","55.3","54.57","54.83","2199004","-0.11","-0.20022","54.91",
"BAYN.DE","2021-04-23","55.61","55.65","53.89","54.53","3715344","-1.08","-1.94","54.92",
"BAYN.DE","2021-04-22","56","56.14","55.35","55.69","2774030","-0.31","-0.55357","55.795",
"BAYN.DE","2021-04-21","54.39","56.04","54.25","55.85","4668969","1.46","2.68","55.1325",
"BAYN.DE","2021-04-20","54.99","55.32","54.13","54.14","3928741","-0.85","-1.55","54.645",
"BAYN.DE","2021-04-19","54.1","55.52","53.96","54.96","4757318","0.86","1.59","54.635",
"BAYN.DE","2021-04-16","52.94","54.15","52.93","54","4958464","1.06","2","53.505",
"BAYN.DE","2021-04-15","52.9","53.16","52.59","52.88","3072583","-0.020001","-0.03780718","52.8825",
"BAYN.DE","2021-04-14","53","53.07","52.6","52.9","2522430","-0.099998","-0.18868","52.8925",
"BAYN.DE","2021-04-13","52.95","53.19","52.57","52.95","3148647","0","0","52.915",
"BAYN.DE","2021-04-12","53.5","53.61","52.94","52.94","2426187","-0.56","-1.05","53.2475",
"BAYN.DE","2021-04-09","53.25","53.7","53.14","53.34","2402907","0.09","0.16901","53.3575",
"BAYN.DE","2021-04-08","53.68","53.78","53.01","53.36","3148078","-0.32","-0.59613","53.4575",
"BAYN.DE","2021-04-07","53.78","54.1","53.51","53.51","2561319","-0.27","-0.50205","53.725",
"BAYN.DE","2021-04-06","53.4","54.26","53.28","53.78","3632619","0.38","0.71161","53.68",
"BAYN.DE","2021-04-01","53.97","54.09","53.22","53.23","3641900","-0.74","-1.37","53.6275",
"BAYN.DE","2021-03-31","53.76","54.21","53.5","53.96","2977151","0.2","0.37202","53.8575",
"BAYN.DE","2021-03-30","53.51","53.81","53.07","53.75","2370698","0.24","0.44851","53.535",
"BAYN.DE","2021-03-29","53.58","53.66","52.93","53.36","2289355","-0.22","-0.4106","53.3825",
"BAYN.DE","2021-03-26","53.1","53.95","53.09","53.21","2309482","0.11","0.20716","53.3375",
"BAYN.DE","2021-03-25","53.3","53.71","52.88","53.21","2482617","-0.09","-0.16886","53.275",
"BAYN.DE","2021-03-24","53.9","53.93","53.28","53.65","2455475","-0.25","-0.46382","53.69",
"BAYN.DE","2021-03-23","53.4","54.3","53.28","54.15","3337512","0.75","1.4","53.7825",
"BAYN.DE","2021-03-22","53.52","53.83","53.1","53.28","2309745","-0.24","-0.44843","53.4325",
"BAYN.DE","2021-03-19","54.28","54.28","53.38","53.4","6236009","-0.88","-1.62","53.835",
"BAYN.DE","2021-03-18","52.81","53.95","52.74","53.77","3739491","0.96","1.82","53.3175",
"BAYN.DE","2021-03-17","52.74","53.04","52.41","52.81","2305856","0.069999","0.13273","52.75",
"BAYN.DE","2021-03-16","53.28","53.44","52.86","52.91","2698813","-0.37","-0.69444","53.1225",
"BAYN.DE","2021-03-15","53.14","53.58","52.56","52.99","2842975","-0.15","-0.28227","53.0675",
"BAYN.DE","2021-03-12","52.5","53.25","52.31","52.95","3171262","0.45","0.85714","52.7525",
"BAYN.DE","2021-03-11","54.78","54.78","52.01","52.43","6728584","-2.35","-4.29","53.5",
"BAYN.DE","2021-03-10","53.25","55.29","53.14","54.46","4708329","1.21","2.27","54.035",
"BAYN.DE","2021-03-09","53.2","53.69","53.05","53.05","3337639","-0.15","-0.28195","53.2475",
"BAYN.DE","2021-03-08","52","53.28","51.72","53.15","3364364","1.15","2.21","52.5375",
"BAYN.DE","2021-03-05","51.67","51.99","51.28","51.59","2610518","-0.079998","-0.15483","51.6325",
"BAYN.DE","2021-03-04","51.13","52.04","51.12","51.84","2365335","0.71","1.39","51.5325",
"BAYN.DE","2021-03-03","52.12","52.8","51.03","51.62","3103140","-0.5","-0.95932","51.8925",
"BAYN.DE","2021-03-02","52.04","53.03","51.87","52.06","2733630","0.02","0.03843198","52.25",
"BAYN.DE","2021-03-01","50.73","52.49","50.71","52.34","4364996","1.61","3.17","51.5675",
"BAYN.DE","2021-02-26","50.81","52.24","50.01","50.12","7097729","-0.69","-1.36","50.795",
"BAYN.DE","2021-02-25","54.5","55.03","50.06","51.59","9199074","-2.91","-5.34","52.795",
"BAYN.DE","2021-02-24","53.35","55.48","53.2","55.11","3121057","1.76","3.3","54.285",
"BAYN.DE","2021-02-23","54.02","54.17","52.99","53.34","2672719","-0.68","-1.26","53.63",
"BAYN.DE","2021-02-22","53.67","53.99","53.08","53.77","1985273","0.1","0.18632","53.6275",
"BAYN.DE","2021-02-19","52.9","53.97","52.57","53.91","2910537","1.01","1.91","53.3375",
"BAYN.DE","2021-02-18","53.87","54.24","53.11","53.11","2842984","-0.76","-1.41","53.5825",
"BAYN.DE","2021-02-17","54.36","54.61","53.96","53.98","2514282","-0.38","-0.69904","54.2275",
"BAYN.DE","2021-02-16","55.03","55.28","54.34","54.55","2447054","-0.48","-0.87225","54.8",
"BAYN.DE","2021-02-15","54.4","55.08","54.12","54.81","2269807","0.41","0.75368","54.6025",
"BAYN.DE","2021-02-12","53.75","53.95","53.24","53.95","2485306","0.2","0.37209","53.7225",
"BAYN.DE","2021-02-11","54.06","54.45","53.8","54","2231473","-0.060001","-0.11099","54.0775",
"BAYN.DE","2021-02-10","55.25","55.32","53.5","54.1","3161110","-1.15","-2.08","54.5425",
"BAYN.DE","2021-02-09","55.3","55.95","54.82","55.12","2550584","-0.18","-0.3255","55.2975",
"BAYN.DE","2021-02-08","56.84","56.84","55.32","55.32","3746394","-1.52","-2.67","56.08",
"BAYN.DE","2021-02-05","54.5","56.67","54.18","55.8","6065968","1.3","2.39","55.2875",
"BAYN.DE","2021-02-04","54.25","54.56","53.44","54.26","7155200","0.009998","0.01843318","54.1275",
"BAYN.DE","2021-02-03","51.73","51.93","51.26","51.52","2397436","-0.21","-0.40595","51.61",
"BAYN.DE","2021-02-02","50.9","51.8","50.74","51.26","3031769","0.36","0.70727","51.175",
"BAYN.DE","2021-02-01","50.38","51.01","49.9","50.5","2646334","0.12","0.23819","50.4475",
"BAYN.DE","2021-01-29","50.1","50.91","49.61","49.92","4191653","-0.185","-0.35928","50.135",
"BAYN.DE","2021-01-28","49.61","51.3","49.56","50.95","3877747","1.34","2.7","50.355",
"BAYN.DE","2021-01-27","51.67","51.8","49.71","50.09","4719756","-1.58","-3.06","50.8175",
"BAYN.DE","2021-01-26","51.2","52.3","51.2","51.82","2610763","0.62","1.21","51.63",
"BAYN.DE","2021-01-25","52.84","52.9","50.73","51.49","3455580","-1.35","-2.55","51.99",
"BAYN.DE","2021-01-22","52.62","52.85","51.98","52.36","2981511","-0.26","-0.49411","52.4525",
"BAYN.DE","2021-01-21","54","54.8","52.84","52.84","3713528","-1.16","-2.15","53.62",
"BAYN.DE","2021-01-20","53.05","53.76","52.87","53.7","2857446","0.65","1.23","53.345",
"BAYN.DE","2021-01-19","53.2","53.73","52.91","53.01","3207911","-0.19","-0.35714","53.2125",
"BAYN.DE","2021-01-18","51.92","52.67","51.5","52.63","2167814","0.71","1.37","52.18",
"BAYN.DE","2021-01-15","52.42","53.16","51.87","52.25","4524359","-0.17","-0.3243","52.425",
"BAYN.DE","2021-01-14","52.77","53.07","52.4","52.69","3318258","-0.080001","-0.1516","52.7325",
"BAYN.DE","2021-01-13","50.3","52.69","50.3","52.6","4067829","2.3","4.57","51.4725",
"BAYN.DE","2021-01-12","51.1","51.21","50.34","50.34","3536006","-0.76","-1.49","50.7475",
"BAYN.DE","2021-01-11","51.42","51.43","50.83","50.99","3010116","-0.43","-0.83625","51.1675",
"BAYN.DE","2021-01-08","52.82","53.03","51.33","51.5","4615110","-1.32","-2.5","52.17",
"BAYN.DE","2021-01-07","53.07","53.29","52.06","52.32","6096518","-0.75","-1.41","52.685",
"BAYN.DE","2021-01-06","49.88","52.13","49.57","51.43","4992743","1.55","3.11","50.7525",
"BAYN.DE","2021-01-05","49.2","50.19","49.06","49.47","3280433","0.275","0.54878","49.48",
"BAYN.DE","2021-01-04","49","49.95","48.98","49.29","2919926","0.29","0.59184","49.305",
"BAYN.DE","2020-12-30","48.7","48.76","48.15","48.15","1497735","-0.545","-1.13","48.44",
"BAYN.DE","2020-12-29","48.92","49.02","48.34","48.54","2217064","-0.38","-0.77678","48.705",
"BAYN.DE","2020-12-28","49.1","49.37","48.53","48.58","1936549","-0.52","-1.06","48.895",
"BAYN.DE","2020-12-23","48.45","48.78","48.13","48.18","1719175","-0.27","-0.55728","48.385",
"BAYN.DE","2020-12-22","47.15","48.47","47.08","48.24","2729823","1.09","2.31","47.735",
"BAYN.DE","2020-12-21","48.41","48.5","46.62","46.81","4789688","-1.6","-3.31","47.585",
"BAYN.DE","2020-12-18","49.1","50.14","48.9","49.05","8156089","-0.049999","-0.10183","49.2975",
"BAYN.DE","2020-12-17","49.8","49.95","49.08","49.08","4225524","-0.715","-1.45","49.4775",
"BAYN.DE","2020-12-16","47.27","49.55","47.15","49.3","4706107","2.03","4.29","48.3175",
"BAYN.DE","2020-12-15","46.95","47.49","46.87","47.13","2352889","0.18","0.38339","47.11",
"BAYN.DE","2020-12-14","46.7","47.29","46.59","47.16","2497671","0.46","0.98501","46.935",
"BAYN.DE","2020-12-11","47.05","47.18","46.32","46.45","3359104","-0.605","-1.28","46.75",
"BAYN.DE","2020-12-10","47.51","47.69","46.99","47.42","2278877","-0.085003","-0.18943","47.4025",
"BAYN.DE","2020-12-09","47.32","47.81","47.15","47.44","2787776","0.12","0.25359","47.43",
"BAYN.DE","2020-12-08","47","47.2","46.48","47.19","3417669","0.19","0.40426","46.9675",
"BAYN.DE","2020-12-07","48","48.01","47.12","47.17","2993769","-0.835","-1.73","47.575",
"BAYN.DE","2020-12-04","47.83","48.34","47.72","47.78","3297169","-0.055","-0.10454","47.9175",
"BAYN.DE","2020-12-03","47.86","48.01","47.44","47.74","2305382","-0.115","-0.25073","47.7625",
"BAYN.DE","2020-12-02","48.67","48.67","47.37","47.83","3593602","-0.845","-1.73","48.135",
"BAYN.DE","2020-12-01","48.65","49.36","48.61","48.67","2841186","0.024997","0.04110997","48.8225",
"BAYN.DE","2020-11-30","49.4","49.46","48.27","48.27","5577556","-1.13","-2.29","48.85",
"BAYN.DE","2020-11-27","49.16","49.66","48.75","49.51","2979289","0.35","0.71196","49.27",
"BAYN.DE","2020-11-26","49.47","49.52","48.99","49.21","1749584","-0.265","-0.52557","49.2975",
"BAYN.DE","2020-11-25","49.36","49.7","48.72","49.15","4262711","-0.215","-0.42545","49.2325",
"BAYN.DE","2020-11-24","47.72","49.08","47.72","48.69","3492135","0.97","2.03","48.3025",
"BAYN.DE","2020-11-23","48","48.43","47.46","47.61","3079401","-0.39","-0.8125","47.875",
"BAYN.DE","2020-11-20","46.3","47.91","46.29","47.9","4592054","1.6","3.46","47.1",
"BAYN.DE","2020-11-19","46.9","47.18","46.26","46.4","3537630","-0.505","-1.07","46.685",
"BAYN.DE","2020-11-18","47.6","47.63","46.81","47.47","2725938","-0.13","-0.27311","47.3775",
"BAYN.DE","2020-11-17","47.81","48.01","47.12","47.67","2549962","-0.14","-0.29283","47.6525",
"BAYN.DE","2020-11-16","48.31","49.18","47.65","47.79","4584874","-0.53","-1.08","48.2325",
"BAYN.DE","2020-11-13","47.47","47.99","47.06","47.69","3404925","0.215","0.46345","47.5525",
"BAYN.DE","2020-11-12","47.65","48.13","47.06","47.47","3282854","-0.18","-0.37775","47.5775",
"BAYN.DE","2020-11-11","47.79","48.14","46.88","48.1","3977874","0.31","0.64867","47.7275",
"BAYN.DE","2020-11-10","46.49","47.99","45.73","47.59","7190260","1.1","2.37","46.95",
"BAYN.DE","2020-11-09","43.21","46.94","42.73","46.17","11428009","2.97","6.85","44.7625",
"BAYN.DE","2020-11-06","43.71","43.96","42.52","42.74","4114915","-0.965","-2.22","43.2325",
"BAYN.DE","2020-11-05","44.2","44.26","43.38","43.79","4014282","-0.405","-0.9276","43.9075",
"BAYN.DE","2020-11-04","41.36","44.06","41.06","43.75","6048478","2.39","5.78","42.5575",
"BAYN.DE","2020-11-03","41","41.96","40.65","41.96","5227566","0.96","2.34","41.3925",
"BAYN.DE","2020-11-02","40.87","41.92","40.34","41.81","4187513","0.94","2.3","41.235",
"BAYN.DE","2020-10-30","40.12","40.5","39.91","40.36","5580918","0.24","0.59821","40.2225",
"BAYN.DE","2020-10-29","40.8","41.27","40.33","40.78","5474328","-0.014999","-0.04901961","40.795",
"BAYN.DE","2020-10-28","41.6","41.88","40.29","40.71","6156789","-0.895","-2.14","41.12",
"BAYN.DE","2020-10-27","42.93","42.94","41.69","41.91","3777683","-1.02","-2.38","42.3675",
"BAYN.DE","2020-10-26","42.25","43.27","41.88","42.56","3902961","0.305","0.73373","42.49",
"BAYN.DE","2020-10-23","42.21","42.89","41.97","42.42","3210078","0.215","0.49751","42.3725",
"BAYN.DE","2020-10-22","42.18","42.42","41.51","42.33","4219432","0.15","0.35562","42.11",
"BAYN.DE","2020-10-21","43.5","43.58","42.47","42.5","5096131","-1","-2.3","43.0125",
"BAYN.DE","2020-10-20","44","44.35","43.54","43.62","3116377","-0.38","-0.86364","43.8775",
"BAYN.DE","2020-10-19","44.9","45.17","44.15","44.33","2461100","-0.57","-1.27","44.6375",
"BAYN.DE","2020-10-16","44.23","44.97","43.9","44.81","5245029","0.58","1.31","44.4775",
"BAYN.DE","2020-10-15","44.05","44.19","43.18","44.11","5305915","0.060002","0.13621","43.8825",
"BAYN.DE","2020-10-14","44.98","45.02","44.08","44.33","3750904","-0.655","-1.45","44.6025",
"BAYN.DE","2020-10-13","45.85","45.91","44.75","44.75","4619885","-1.1","-2.4","45.315",
"BAYN.DE","2020-10-12","46.79","47","46.13","46.36","2646398","-0.435","-0.919","46.57",
"BAYN.DE","2020-10-09","46.24","47.08","46.19","46.73","3390510","0.485","1.06","46.56",
"BAYN.DE","2020-10-08","45.62","46.77","45.35","46.31","4722838","0.7","1.51","46.0125",
"BAYN.DE","2020-10-07","46.16","46.55","44.97","45.3","4767291","-0.86","-1.86","45.745",
"BAYN.DE","2020-10-06","47.03","47.17","46.16","46.3","4102295","-0.73","-1.55","46.665",
"BAYN.DE","2020-10-05","45.7","46.87","44.99","46.77","5490290","1.07","2.34","46.0825",
"BAYN.DE","2020-10-02","46.22","46.3","43.87","44.94","11571457","-1.29","-2.77","45.3325",
"BAYN.DE","2020-10-01","47.9","48.52","46.34","46.34","20325159","-1.56","-3.26","47.275",
"BAYN.DE","2020-09-30","53.05","54.1","52.85","53.31","2502977","0.26","0.4901","53.3275",
"BAYN.DE","2020-09-29","53.99","54.18","53.25","53.51","2114410","-0.48","-0.88905","53.7325",
"BAYN.DE","2020-09-28","54.5","54.7","53.98","54.21","2816073","-0.29","-0.53211","54.3475",
"BAYN.DE","2020-09-25","54.66","54.76","53.05","53.47","3337730","-1.19","-2.18","53.985",
"BAYN.DE","2020-09-24","54.52","54.96","54.24","54.41","2030543","-0.11","-0.20176","54.5325",
"BAYN.DE","2020-09-23","54.25","55.6","54.25","54.96","2277298","0.71","1.31","54.765",
"BAYN.DE","2020-09-22","54.17","54.64","53.86","53.86","2737425","-0.31","-0.57227","54.1325",
"BAYN.DE","2020-09-21","56.93","56.98","53.81","53.86","5164649","-3.07","-5.39","55.395",
"BAYN.DE","2020-09-18","56.83","57.7","56.64","57.22","7344395","0.39","0.68626","57.0975",
"BAYN.DE","2020-09-17","56","56.85","55.57","56.72","2171082","0.72","1.29","56.285",
"BAYN.DE","2020-09-16","56.85","57","55.89","56.46","2739387","-0.39","-0.68602","56.55",
"BAYN.DE","2020-09-15","55.71","57.39","55.63","56.82","3721045","1.11","1.99","56.3875",
"BAYN.DE","2020-09-14","55.92","56.1","55.03","55.31","1978470","-0.61","-1.09","55.59",
"BAYN.DE","2020-09-11","55.22","56.61","54.63","55.39","3514200","0.17","0.30786","55.4625",
"BAYN.DE","2020-09-10","55.4","55.62","54.97","55.1","2741458","-0.3","-0.54152","55.2725",
"BAYN.DE","2020-09-09","55.04","55.78","54.78","55.6","2282853","0.56","1.02","55.3",
"BAYN.DE","2020-09-08","55.58","56.02","54.65","55.01","2784137","-0.57","-1.03","55.315",
"BAYN.DE","2020-09-07","54.7","55.54","54.18","55.51","1999385","0.81","1.48","54.9825",
"BAYN.DE","2020-09-04","55","55.5","53.9","54.28","4180597","-0.72","-1.31","54.67",
"BAYN.DE","2020-09-03","56.5","57.22","55.2","55.22","3480881","-1.28","-2.27","56.035",
"BAYN.DE","2020-09-02","55.69","56.27","55.35","56.27","2716064","0.58","1.04","55.895",
"BAYN.DE","2020-09-01","56","57","55.31","55.49","3035464","-0.51","-0.91071","55.95",
"BAYN.DE","2020-08-31","55.42","56.18","55.15","55.54","2904953","0.12","0.21653","55.5725",
"BAYN.DE","2020-08-28","56.2","56.41","54.5","55.03","5171502","-1.17","-2.08","55.535",
"BAYN.DE","2020-08-27","57.6","57.83","56.45","56.54","2446392","-1.06","-1.84","57.105",
"BAYN.DE","2020-08-26","57.59","58","57.34","57.54","1584737","-0.049999","-0.08682063","57.6175",
"BAYN.DE","2020-08-25","58.6","59.55","57.73","57.73","2290717","-0.87","-1.48","58.4025",
"BAYN.DE","2020-08-24","56.91","58.49","56.91","57.98","2536362","1.07","1.88","57.5725",
"BAYN.DE","2020-08-21","56.9","57.15","56.1","56.33","2768839","-0.57","-1","56.62",
"BAYN.DE","2020-08-20","57.35","57.47","56.66","56.66","1990171","-0.69","-1.2","57.035",
"BAYN.DE","2020-08-19","56.86","57.97","56.64","57.97","1460083","1.11","1.95","57.36",
"BAYN.DE","2020-08-18","57.12","57.61","56.51","57.07","2301633","-0.049999","-0.08753501","57.0775",
"BAYN.DE","2020-08-17","56.81","57.43","56.27","57.27","1597213","0.46","0.80972","56.945",
"BAYN.DE","2020-08-14","57.31","57.53","56.56","56.96","2180232","-0.35","-0.61071","57.09",
"BAYN.DE","2020-08-13","58.09","58.25","57.32","57.62","1645233","-0.47","-0.80909","57.82",
"BAYN.DE","2020-08-12","57.82","58.19","57.22","57.94","2543424","0.12","0.20754","57.7925",
"BAYN.DE","2020-08-11","57","58.23","56.77","57.75","3014999","0.75","1.32","57.4375",
"BAYN.DE","2020-08-10","56.35","56.79","55.82","56.58","1942067","0.23","0.40816","56.385",
"BAYN.DE","2020-08-07","56","56.06","55.06","55.97","2758782","-0.029999","-0.05357143","55.7725",
"BAYN.DE","2020-08-06","56.01","57.16","55.8","55.93","3403786","-0.079998","-0.14283","56.225",
"BAYN.DE","2020-08-05","57.53","57.66","55.82","56.14","3541864","-1.39","-2.42","56.7875",
"BAYN.DE","2020-08-04","58.57","58.64","56.15","57.05","4337153","-1.52","-2.6","57.6025",
"BAYN.DE","2020-08-03","56.76","58.76","56.6","58.47","3471216","1.71","3.01","57.6475",
"BAYN.DE","2020-07-31","56.45","57.49","56.08","56.24","3480881","-0.21","-0.37201","56.565",
"BAYN.DE","2020-07-30","58.26","58.28","56.25","56.58","4048665","-1.68","-2.88","57.3425",
"BAYN.DE","2020-07-29","58.97","59.43","58.41","58.49","2277007","-0.48","-0.81397","58.825",
"BAYN.DE","2020-07-28","59.26","59.97","58.38","58.9","3317336","-0.36","-0.60749","59.1275",
"BAYN.DE","2020-07-27","60.12","60.14","59.18","59.25","3223031","-0.87","-1.45","59.6725",
"BAYN.DE","2020-07-24","61.03","61.43","60.36","60.69","2414684","-0.34","-0.5571","60.8775",
"BAYN.DE","2020-07-23","61.13","61.87","60.97","61.65","2930224","0.52","0.85065","61.405",
"BAYN.DE","2020-07-22","62.24","62.4","60.23","60.68","3615316","-1.56","-2.51","61.3875",
"BAYN.DE","2020-07-21","63.5","63.58","62.2","62.44","3306184","-1.06","-1.67","62.93",
"BAYN.DE","2020-07-20","62.5","62.68","61.41","62.25","3660513","-0.25","-0.4","62.21",
"BAYN.DE","2020-07-17","63.03","63.34","62.94","63","2869662","-0.029999","-0.04759638","63.0775",
"BAYN.DE","2020-07-16","63.59","63.82","62.8","63.02","2913026","-0.57","-0.89637","63.3075",
"BAYN.DE","2020-07-15","64.41","64.7","63.78","64.02","3476271","-0.39001","-0.6055","64.2275",
"BAYN.DE","2020-07-14","63.8","64.42","63.58","64","2296859","0.2","0.31348","63.95",
"BAYN.DE","2020-07-13","64.49","64.76","64.08","64.5","2638430","0.010002","0.01550628","64.4575",
"BAYN.DE","2020-07-10","62.48","63.81","62.35","63.7","2296083","1.22","1.95","63.085",
"BAYN.DE","2020-07-09","63.32","64.41","62.5","63.34","2643108","0.02","0.0315856","63.3925",
"BAYN.DE","2020-07-08","63.22","63.77","62.74","63.29","2978987","0.07","0.11072","63.255",
"BAYN.DE","2020-07-07","65.86","65.93","62.29","63.75","6030072","-2.11","-3.2","64.4575",
"BAYN.DE","2020-07-06","67.88","68.12","66.61","67.06","2358641","-0.82","-1.21","67.4175",
"BAYN.DE","2020-07-03","67.27","67.37","66.4","66.68","1676179","-0.59","-0.87706","66.93",
"BAYN.DE","2020-07-02","66.7","67.54","66.5","67.08","3217733","0.38","0.56972","66.955",
"BAYN.DE","2020-07-01","66.87","66.9","65.18","65.9","2914658","-0.97","-1.45","66.2125",
"BAYN.DE","2020-06-30","66.9","66.99","65.73","65.79","5019911","-1.11","-1.66","66.3525",
"BAYN.DE","2020-06-29","66.29","67.2","65.7","66.9","3675296","0.61","0.9202","66.5225",
"BAYN.DE","2020-06-26","68.56","69","66.46","66.79","4892874","-1.77","-2.58","67.7025",
"BAYN.DE","2020-06-25","70.69","72.48","67.25","67.93","8661660","-2.76","-3.9","69.5875",
"BAYN.DE","2020-06-24","72.9","73.05","69.99","69.99","5399946","-2.91","-3.99","71.4825",
"BAYN.DE","2020-06-23","69.8","73.63","69.54","72.6","7726067","2.8","4.01","71.3925",
"BAYN.DE","2020-06-22","68.87","69.14","68.37","68.65","2551266","-0.22","-0.31944","68.7575",
"BAYN.DE","2020-06-19","69.12","69.63","68.49","69.42","8674443","0.3","0.43403","69.165",
"BAYN.DE","2020-06-18","68.9","69.27","68.12","68.55","3697500","-0.35","-0.50798","68.71",
"BAYN.DE","2020-06-17","69.13","69.23","68.06","69.03","3164721","-0.099998","-0.14465","68.8625",
"BAYN.DE","2020-06-16","67.71","69.21","67.13","68.87","5808849","1.16","1.71","68.23",
"BAYN.DE","2020-06-15","63.69","65.42","63.19","65.25","3405684","1.56","2.45","64.3875",
"BAYN.DE","2020-06-12","63.69","66.3","62.72","65.23","4573141","1.54","2.42","64.485",
"BAYN.DE","2020-06-11","65.64","66.21","64.15","64.15","4051340","-1.49","-2.27","65.0375",
"BAYN.DE","2020-06-10","67.63","67.78","66.82","67.15","2456552","-0.48","-0.70974","67.345",
"BAYN.DE","2020-06-09","68.5","69.02","65.8","67.26","5119786","-1.24","-1.81","67.645",
"BAYN.DE","2020-06-08","65.9","68.68","65.59","68.55","5081885","2.65","4.02","67.18",
"BAYN.DE","2020-06-05","63.65","66.28","63.35","66.15","5710098","2.5","3.93","64.8575",
"BAYN.DE","2020-06-04","63.75","64.42","62.66","62.7","6647216","-1.05","-1.65","63.3825",
"BAYN.DE","2020-06-03","64.78","65.63","63.94","65.32","4655621","0.54","0.83359","64.9175",
"BAYN.DE","2020-06-02","62.84","64.22","62.69","63.94","4277764","1.1","1.75","63.4225",
"BAYN.DE","2020-05-29","62.32","62.75","60.72","60.72","5283029","-1.6","-2.57","61.6275",
"BAYN.DE","2020-05-28","62.6","63.04","62.12","62.96","3275258","0.36","0.57508","62.68",
"BAYN.DE","2020-05-27","61.4","62.05","61.11","62","3979631","0.6","0.9772","61.64",
"BAYN.DE","2020-05-26","62.9","62.9","60.74","61.37","3269187","-1.53","-2.43","61.9775",
"BAYN.DE","2020-05-25","60.03","62.75","59.65","62.13","5271776","2.1","3.5","61.14",
"BAYN.DE","2020-05-22","57.15","58.15","57.1","57.65","2186220","0.5","0.87489","57.5125",
"BAYN.DE","2020-05-21","59.05","59.06","57.77","58","3004723","-1.05","-1.78","58.47",
"BAYN.DE","2020-05-20","60.35","61","59.35","59.5","3419417","-0.85","-1.41","60.05",
"BAYN.DE","2020-05-19","60.98","61.04","60.04","60.39","3464067","-0.59","-0.96753","60.6125",
"BAYN.DE","2020-05-18","57.81","60.65","57.81","60.36","3542045","2.55","4.41","59.1575",
"BAYN.DE","2020-05-15","56.29","57.76","56.28","56.75","3496838","0.46","0.8172","56.77",
"BAYN.DE","2020-05-14","56.87","57.05","55.37","55.76","4114886","-1.11","-1.95","56.2625",
"BAYN.DE","2020-05-13","57.59","58.28","57.16","57.42","2824772","-0.17","-0.29519","57.6125",
"BAYN.DE","2020-05-12","57.62","58.7","57.62","58.42","2112790","0.8","1.39","58.09",
"BAYN.DE","2020-05-11","58.2","58.56","57.01","57.71","2620078","-0.49","-0.84192","57.87",
"BAYN.DE","2020-05-08","58.5","58.6","57.61","57.99","2093326","-0.51","-0.87179","58.175",
"BAYN.DE","2020-05-07","58.66","59.14","57.68","57.92","2774423","-0.74","-1.26","58.35",
"BAYN.DE","2020-05-06","59.21","59.59","58.35","58.45","2351880","-0.76","-1.28","58.9",
"BAYN.DE","2020-05-05","58.75","59.35","58.37","59.31","3256831","0.56","0.95319","58.945",
"BAYN.DE","2020-05-04","58.4","59.12","57.85","57.95","5162829","-0.45","-0.77055","58.33",
"BAYN.DE","2020-04-30","61.76","62.66","60.09","60.14","5519994","-1.62","-2.62","61.1625",
"BAYN.DE","2020-04-29","61.2","61.29","59.87","61.25","5130729","0.049999","0.08169935","60.9025",
"BAYN.DE","2020-04-28","63.12","64.3","62.75","63.02","4846210","-0.099999","-0.15843","63.2975",
"BAYN.DE","2020-04-27","61.5","63","60.86","63","4461334","1.5","2.44","62.09",
"BAYN.DE","2020-04-24","59.2","60.42","58.72","59.54","3063814","0.34","0.57432","59.47",
"BAYN.DE","2020-04-23","60","60.67","59","59.89","2543468","-0.11","-0.18333","59.89",
"BAYN.DE","2020-04-22","58.56","59.67","58.08","59.6","2726947","1.04","1.78","58.9775",
"BAYN.DE","2020-04-21","58.2","58.91","57.65","58.04","3996156","-0.16","-0.27491","58.2",
"BAYN.DE","2020-04-20","59.26","59.35","57.37","58.6","2715469","-0.66","-1.11","58.645",
"BAYN.DE","2020-04-17","58.75","59.93","58.01","58.57","4639461","-0.18","-0.30638","58.815",
"BAYN.DE","2020-04-16","57.6","57.83","56.77","57.07","3075417","-0.53","-0.92014","57.3175",
"BAYN.DE","2020-04-15","59.11","59.3","56.41","56.66","3825248","-2.45","-4.14","57.87",
"BAYN.DE","2020-04-14","58.4","59.43","58.09","58.89","3399748","0.49","0.83904","58.7025",
"BAYN.DE","2020-04-09","57.29","57.82","56.1","57.47","4128261","0.18","0.31419","57.17",
"BAYN.DE","2020-04-08","56.65","56.94","55.69","56.37","2634788","-0.28","-0.49426","56.4125",
"BAYN.DE","2020-04-07","58.27","59.33","56.81","57.29","4430063","-0.98","-1.68","57.925",
"BAYN.DE","2020-04-06","55","56.8","54.65","55.79","5012935","0.79","1.44","55.56",
"BAYN.DE","2020-04-03","52.92","53.7","52.77","53.03","2806018","0.11","0.20786","53.105",
"BAYN.DE","2020-04-02","53","53.59","51.25","52.85","3364171","-0.15","-0.28302","52.6725",
"BAYN.DE","2020-04-01","51.5","52.99","51.2","52.34","4118913","0.84","1.63","52.0075",
"BAYN.DE","2020-03-31","54.26","55.43","52.16","52.85","5985815","-1.41","-2.6","53.675",
"BAYN.DE","2020-03-30","51.32","52.68","49.88","52.68","4275809","1.36","2.65","51.64",
"BAYN.DE","2020-03-27","51.04","51.9","50.11","50.67","4787766","-0.37","-0.72492","50.93",
"BAYN.DE","2020-03-26","50.26","51.74","49.36","51.74","4746637","1.48","2.94","50.775",
"BAYN.DE","2020-03-25","52.92","53.18","49.09","51.69","6983305","-1.23","-2.32","51.72",
"BAYN.DE","2020-03-24","50","51.65","48.84","51.65","7920997","1.65","3.3","50.535",
"BAYN.DE","2020-03-23","48.1","49.67","46.58","47.5","7078659","-0.6","-1.25","47.9625",
"BAYN.DE","2020-03-20","51.79","53.2","49.54","50.1","11885251","-1.69","-3.26","51.1575",
"BAYN.DE","2020-03-19","48.2","50.53","46.76","49.81","8126160","1.61","3.34","48.825",
"BAYN.DE","2020-03-18","48.55","50.42","47.83","48.1","8440189","-0.45","-0.92688","48.725",
"BAYN.DE","2020-03-17","50.1","50.86","46.83","50.57","6985039","0.47","0.93812","49.59",
"BAYN.DE","2020-03-16","46","49.16","44.86","48.13","11782270","2.13","4.63","47.0375",
"BAYN.DE","2020-03-13","50","51.63","46.6","48.05","10499910","-1.95","-3.9","49.07",
"BAYN.DE","2020-03-12","52.6","53.45","48.21","48.21","11749482","-4.39","-8.35","50.6175",
"BAYN.DE","2020-03-11","57.48","58.75","55.9","56.07","5988000","-1.41","-2.45","57.05",
"BAYN.DE","2020-03-10","59.11","59.48","56.22","56.44","8668542","-2.67","-4.52","57.8125",
"BAYN.DE","2020-03-09","59","60.54","57.48","58.42","10331749","-0.58","-0.98305","58.86",
"BAYN.DE","2020-03-06","64.88","65.6","63.5","63.78","5256308","-1.1","-1.7","64.44",
"BAYN.DE","2020-03-05","67.45","67.47","65.6","66.33","3656343","-1.12","-1.66","66.7125",
"BAYN.DE","2020-03-04","65","67.18","64.69","66.99","5616580","1.99","3.06","65.965",
"BAYN.DE","2020-03-03","65.86","67.31","63.8","64.2","6142183","-1.66","-2.52","65.2925",
"BAYN.DE","2020-03-02","66.08","66.57","63.04","65.12","6555565","-0.96","-1.45","65.2025",
"BAYN.DE","2020-02-28","63.5","65.21","63.16","65.21","12903573","1.71","2.69","64.27",
"BAYN.DE","2020-02-27","68.1","68.9","65.99","66.91","6457786","-1.19","-1.75","67.475",
"BAYN.DE","2020-02-26","69","70.08","67.66","69.9","6934751","0.9","1.3","69.16",
"BAYN.DE","2020-02-25","70.99","71.03","69.41","69.79","3872762","-1.2","-1.69","70.305",
"BAYN.DE","2020-02-24","72.97","73.14","70.41","70.5","5617236","-2.47","-3.38","71.755",
"BAYN.DE","2020-02-21","74.3","74.64","73.79","74.09","3061897","-0.21001","-0.28264","74.205",
"BAYN.DE","2020-02-20","75.3","75.57","74.66","74.66","1800190","-0.64","-0.84993","75.0475",
"BAYN.DE","2020-02-19","75.4","76.02","75.26","75.48","1648665","0.080001","0.1061","75.54",
"BAYN.DE","2020-02-18","75.37","76.04","75.08","75.21","1901779","-0.16","-0.21229","75.425",
"BAYN.DE","2020-02-17","75.1","76.04","74.71","75.92","2438589","0.82","1.09","75.4425",
"BAYN.DE","2020-02-14","77.26","78.12","76.59","77.37","1591976","0.11","0.14238","77.335",
"BAYN.DE","2020-02-13","77.3","77.69","76.49","77.3","2237053","0","0","77.195",
"BAYN.DE","2020-02-12","77.47","77.69","76.97","77.66","1665464","0.19","0.24526","77.4475",
"BAYN.DE","2020-02-11","77.39","77.72","77.17","77.2","1970242","-0.19","-0.24551","77.37",
"BAYN.DE","2020-02-10","77.81","77.91","76.92","77.12","1805283","-0.68999","-0.88678","77.44",
"BAYN.DE","2020-02-07","78.31","78.31","77.35","77.63","2001080","-0.68","-0.86834","77.9",
"BAYN.DE","2020-02-06","77.5","78.34","77.34","78.29","2446008","0.79","1.02","77.8675",
"BAYN.DE","2020-02-05","75.16","77.28","74.91","77.28","3220661","2.12","2.82","76.1575",
"BAYN.DE","2020-02-04","73.95","75.73","73.92","75.4","2966007","1.45","1.96","74.75",
"BAYN.DE","2020-02-03","73.48","74.16","73.11","73.32","2285251","-0.16","-0.21775","73.5175",
"BAYN.DE","2020-01-31","73.87","74.73","73.05","73.05","3760897","-0.82","-1.11","73.675",
"BAYN.DE","2020-01-30","73.9","74.54","73.19","73.46","2743790","-0.44","-0.5954","73.7725",
"BAYN.DE","2020-01-29","75.55","75.73","74.57","74.9","1796616","-0.65","-0.86036","75.1875",
"BAYN.DE","2020-01-28","74.74","75.72","73.68","75.65","2684513","0.91","1.22","74.9475",
"BAYN.DE","2020-01-27","74.48","74.49","73.34","73.56","3399409","-0.92001","-1.24","73.9675",
"BAYN.DE","2020-01-24","75.5","76.99","75.04","75.25","4160963","-0.25","-0.33113","75.695",
"BAYN.DE","2020-01-23","74.56","74.74","73.97","74.1","1880088","-0.46","-0.61695","74.3425",
"BAYN.DE","2020-01-22","75.88","75.98","74.58","74.68","2196629","-1.2","-1.58","75.28",
"BAYN.DE","2020-01-21","75.3","75.81","75.12","75.75","1730267","0.45","0.59761","75.495",
"BAYN.DE","2020-01-20","75.41","75.58","74.97","75.5","1227659","0.089996","0.11935","75.365",
"BAYN.DE","2020-01-17","76","76.11","75.04","75.25","3059657","-0.75","-0.98684","75.6",
"BAYN.DE","2020-01-16","75.55","75.87","74.64","74.76","1702421","-0.79","-1.05","75.205",
"BAYN.DE","2020-01-15","74.62","75.63","74.46","75.32","1886380","0.7","0.93809","75.0075",
"BAYN.DE","2020-01-14","74.84","75.07","74.28","74.54","1867783","-0.29999","-0.40086","74.6825",
"BAYN.DE","2020-01-13","75.51","75.69","74.43","74.73","1998984","-0.78","-1.03","75.09",
"BAYN.DE","2020-01-10","74.98","75.98","74.72","75.36","2632057","0.38","0.5068","75.26",
"BAYN.DE","2020-01-09","74.98","75.42","74.63","74.72","2726823","-0.26","-0.34676","74.9375",
"BAYN.DE","2020-01-08","71.92","74.28","71.5","74","2941368","2.08","2.89","72.925",
"BAYN.DE","2020-01-07","72","72.82","71.69","72.13","1771542","0.13","0.18056","72.16",
"BAYN.DE","2020-01-06","72.22","72.23","70.35","71.74","2317291","-0.48","-0.66464","71.635",
"BAYN.DE","2020-01-03","73.16","73.16","72.05","72.58","2514997","-0.58","-0.79278","72.7375",
"BAYN.DE","2020-01-02","72.67","73.67","72.56","73.52","1992518","0.85","1.17","73.105",
"BAYN.DE","2019-12-30","72.86","73.26","72.78","72.81","1018336","-0.050003","-0.06862476","72.9275",
"BAYN.DE","2019-12-27","74","74.36","73.09","73.21","1907296","-0.79","-1.07","73.665",
"BAYN.DE","2019-12-23","72","74","71.96","73.6","3623085","1.6","2.22","72.89",
"BAYN.DE","2019-12-20","70.85","71.5","70.44","71.5","7646179","0.65","0.91743","71.0725",
"BAYN.DE","2019-12-19","70.77","71.5","70.74","71.01","3161161","0.24","0.33913","71.005",
"BAYN.DE","2019-12-18","69.8","70.9","69.74","70.84","2751206","1.04","1.49","70.32",
"BAYN.DE","2019-12-17","72","72","69.84","70.06","3576665","-1.94","-2.69","70.975",
"BAYN.DE","2019-12-16","71.42","71.73","71.05","71.59","1968865","0.17","0.23803","71.4475",
"BAYN.DE","2019-12-13","70.49","71.6","70.14","71.01","3736984","0.52","0.73769","70.81",
"BAYN.DE","2019-12-12","69.24","69.85","68.54","69.8","2538525","0.56001","0.80878","69.3575",
"BAYN.DE","2019-12-11","69.07","69.5","68.72","69.1","2012416","0.029998","0.0434342","69.0975",
"BAYN.DE","2019-12-10","68.67","69","67.51","69","2519890","0.33","0.48056","68.545",
"BAYN.DE","2019-12-09","69.13","69.47","68.55","68.77","1668692","-0.36","-0.52076","68.98",
"BAYN.DE","2019-12-06","69.1","69.31","68.5","69.18","2863953","0.080002","0.11577","69.0225",
"BAYN.DE","2019-12-05","69.64","70.44","68.98","68.98","2249182","-0.66","-0.94773","69.51",
"BAYN.DE","2019-12-04","67.76","69.42","67.62","69.32","2439508","1.56","2.3","68.53",
"BAYN.DE","2019-12-03","67.42","67.96","67.05","67.67","2302071","0.25","0.37081","67.525",
"BAYN.DE","2019-12-02","68.76","69.45","67.45","67.56","2975019","-1.2","-1.75","68.305",
"BAYN.DE","2019-11-29","68.51","69.18","68.4","68.7","1864627","0.18999","0.27733","68.6975",
"BAYN.DE","2019-11-28","69.4","69.58","68.78","68.94","1701901","-0.46","-0.66282","69.175",
"BAYN.DE","2019-11-27","69.37","69.93","68.58","69.7","2122498","0.32999","0.47571","69.395",
"BAYN.DE","2019-11-26","69.64","69.75","69.03","69.03","2733184","-0.61","-0.87593","69.3625",
"BAYN.DE","2019-11-25","69.2","69.62","68.74","69.62","2216266","0.42001","0.60694","69.295",
"BAYN.DE","2019-11-22","68.58","69.04","68.17","68.53","2428406","-0.050003","-0.07290755","68.58",
"BAYN.DE","2019-11-21","68.75","68.91","67.98","68.5","3225866","-0.25","-0.36364","68.535",
"BAYN.DE","2019-11-20","70.2","70.24","69.07","69.15","2869350","-1.05","-1.5","69.665",
"BAYN.DE","2019-11-19","70.3","71.3","70.19","70.19","2337006","-0.11","-0.15647","70.495",
"BAYN.DE","2019-11-18","70.5","70.93","69.96","70.25","1936937","-0.25","-0.35461","70.41",
"BAYN.DE","2019-11-15","70.74","70.83","70.09","70.43","2316728","-0.31","-0.43822","70.5225",
"BAYN.DE","2019-11-14","70.4","70.77","70.08","70.37","1815397","-0.029999","-0.04261364","70.405",
"BAYN.DE","2019-11-13","70.36","70.82","69.59","70.5","2407947","0.14","0.19898","70.3175",
"BAYN.DE","2019-11-12","70.46","70.61","69.98","70.4","1751069","-0.059997","-0.0851547","70.3625",
"BAYN.DE","2019-11-11","70.36","71.2","70.25","70.5","1588796","0.14","0.19898","70.5775",
"BAYN.DE","2019-11-08","71.57","71.57","69.93","70.63","3156757","-0.94","-1.31","70.925",
"BAYN.DE","2019-11-07","72","72.28","71.25","71.59","2239918","-0.41","-0.56944","71.78",
"BAYN.DE","2019-11-06","71.64","72.07","71.24","71.71","2072037","0.07","0.09771078","71.665",
"BAYN.DE","2019-11-05","71.3","72.15","70.97","71.64","3451163","0.34","0.47686","71.515",
"BAYN.DE","2019-11-04","70.2","71.3","70.03","71.28","3263012","1.08","1.54","70.7025",
"BAYN.DE","2019-11-01","70.19","70.28","69.08","69.9","2155376","-0.29","-0.41316","69.8625",
"BAYN.DE","2019-10-31","67.81","70.27","67.59","69.58","5729272","1.77","2.61","68.8125",
"BAYN.DE","2019-10-30","65.9","67.85","65.9","67.28","3410396","1.38","2.09","66.7325",
"BAYN.DE","2019-10-29","66.31","66.38","65.74","65.93","2286023","-0.38","-0.57307","66.09",
"BAYN.DE","2019-10-28","66.3","66.61","66.12","66.38","2084845","0.079994","0.12066","66.3525",
"BAYN.DE","2019-10-25","67.2","67.38","66.37","66.54","1930109","-0.66","-0.98214","66.8725",
"BAYN.DE","2019-10-24","66.77","67.85","66.64","67.25","2446378","0.48","0.71889","67.1275",
"BAYN.DE","2019-10-23","64.41","66.61","64.2","66.5","2558538","2.09","3.24","65.43",
"BAYN.DE","2019-10-22","65.49","65.58","64.6","65","2324275","-0.49","-0.74821","65.1675",
"BAYN.DE","2019-10-21","65.22","65.84","65.14","65.73","2163593","0.51","0.78197","65.4825",
"BAYN.DE","2019-10-18","65.97","66.2","65.24","65.24","2956397","-0.73","-1.11","65.6625",
"BAYN.DE","2019-10-17","66.11","66.93","65.46","65.97","3112510","-0.14","-0.21177","66.1175",
"BAYN.DE","2019-10-16","66.55","67.16","65.86","66.21","3410664","-0.34","-0.51089","66.445",
"BAYN.DE","2019-10-15","66.16","67.22","65.72","66.64","3524248","0.48","0.72551","66.435",
"BAYN.DE","2019-10-14","65.18","65.7","64.51","65.61","2077128","0.43","0.65971","65.25",
"BAYN.DE","2019-10-11","64.1","65.22","63.66","65.22","2789121","1.12","1.75","64.55",
"BAYN.DE","2019-10-10","63.09","64.47","62.78","64.14","3088191","1.05","1.66","63.62",
"BAYN.DE","2019-10-09","63.07","64.89","62.99","64.18","2528109","1.11","1.76","63.7825",
"BAYN.DE","2019-10-08","63.09","63.53","61.5","63.37","3419985","0.28","0.44381","62.8725",
"BAYN.DE","2019-10-07","64.05","64.1","62.85","63.13","3990150","-0.92","-1.44","63.5325",
"BAYN.DE","2019-10-04","61","62.28","60.83","62.28","4767312","1.28","2.1","61.5975",
"BAYN.DE","2019-10-02","62.51","62.89","60.62","60.62","4956677","-1.89","-3.02","61.66",
"BAYN.DE","2019-10-01","64.87","64.87","62.48","62.48","3622809","-2.39","-3.68","63.675",
"BAYN.DE","2019-09-30","64.71","65.27","64.54","64.69","2435271","-0.019997","-0.03090712","64.8025",
"BAYN.DE","2019-09-27","64.72","65.05","64.47","64.68","2185321","-0.040001","-0.0618047","64.73",
"BAYN.DE","2019-09-26","65.66","66.04","64.4","64.61","3140565","-1.05","-1.6","65.1775",
"BAYN.DE","2019-09-25","65.77","66.35","65.32","66.07","2001480","0.3","0.45614","65.8775",
"BAYN.DE","2019-09-24","66.21","66.52","65.79","65.96","1735764","-0.25","-0.37759","66.12",
"BAYN.DE","2019-09-23","66.77","67.09","65.27","65.85","2611292","-0.92","-1.38","66.245",
"BAYN.DE","2019-09-20","67.24","67.75","67.05","67.23","7164452","-0.009995","-0.0148721","67.3175",
"BAYN.DE","2019-09-19","66.13","67.12","66.1","66.9","2288769","0.77","1.16","66.5625",
"BAYN.DE","2019-09-18","67.1","67.1","66.18","66.2","1879907","-0.9","-1.34","66.645",
"BAYN.DE","2019-09-17","67.97","67.97","66.42","66.85","2452669","-1.12","-1.65","67.3025",
"BAYN.DE","2019-09-16","67.5","68.41","67.5","67.87","1723227","0.37","0.54815","67.82",
"BAYN.DE","2019-09-13","67.61","68.6","67.61","68.06","2029293","0.45","0.66558","67.97",
"BAYN.DE","2019-09-12","68.9","69.03","67.31","68.01","3264966","-0.89","-1.29","68.3125",
"BAYN.DE","2019-09-11","69.5","69.89","68.87","69","2677521","-0.5","-0.71942","69.315",
"BAYN.DE","2019-09-10","67.25","69.07","67.09","69.07","3722918","1.82","2.71","68.12",
"BAYN.DE","2019-09-09","67.15","67.38","66.71","67.26","2278856","0.11","0.16381","67.125",
"BAYN.DE","2019-09-06","66.35","67.11","66.19","66.99","2457107","0.64","0.96458","66.66",
"BAYN.DE","2019-09-05","67.99","67.99","66.19","66.5","3018183","-1.49","-2.19","67.1675",
"BAYN.DE","2019-09-04","67.1","68.17","66.97","67.51","2439879","0.41","0.61103","67.4375",
"BAYN.DE","2019-09-03","66.7","66.82","65.83","66.4","2216319","-0.29999","-0.44978","66.4375",
"BAYN.DE","2019-09-02","67.56","67.72","66.49","66.72","1611396","-0.84","-1.24","67.1225",
"BAYN.DE","2019-08-30","67.5","67.86","67.11","67.34","2929014","-0.16","-0.23704","67.4525",
"BAYN.DE","2019-08-29","66.62","67.65","66.44","67.64","2831712","1.02","1.53","67.0875",
"BAYN.DE","2019-08-28","67.07","67.2","66.02","66.7","2002763","-0.37","-0.55166","66.7475",
"BAYN.DE","2019-08-27","66.74","67.35","66.1","66.98","2611507","0.24","0.3596","66.7925",
"BAYN.DE","2019-08-26","66.27","66.67","65.98","66.62","2142440","0.35001","0.52814","66.385",
"BAYN.DE","2019-08-23","68.04","68.11","66.58","66.59","3337936","-1.45","-2.13","67.33",
"BAYN.DE","2019-08-22","67.01","67.9","66.8","67.72","3326662","0.71","1.06","67.3575",
"BAYN.DE","2019-08-21","66.29","67.23","65.87","67.23","2512898","0.94","1.42","66.655",
"BAYN.DE","2019-08-20","66.3","67.05","65.64","66","3369903","-0.3","-0.45249","66.2475",
"BAYN.DE","2019-08-19","65.48","66.96","65.45","66.3","3712572","0.82","1.25","66.0475",
"BAYN.DE","2019-08-16","64.01","64.67","63.91","64.61","3622122","0.6","0.93735","64.3",
"BAYN.DE","2019-08-15","64","64.13","62.16","62.98","3198409","-1.02","-1.59","63.3175",
"BAYN.DE","2019-08-14","65.26","65.51","63.65","63.92","3384068","-1.34","-2.05","64.585",
"BAYN.DE","2019-08-13","63.4","65.46","62.62","64.96","4123261","1.56","2.46","64.11",
"BAYN.DE","2019-08-12","65","65.89","63.48","63.76","3128490","-1.24","-1.91","64.5325",
"BAYN.DE","2019-08-09","63.01","70.04","62.51","64.63","11806526","1.62","2.57","65.0475",
"BAYN.DE","2019-08-08","60.01","63.2","59.49","62.97","6149225","2.96","4.93","61.4175",
"BAYN.DE","2019-08-07","55.98","59.66","55.98","58.84","6035531","2.86","5.11","57.615",
"BAYN.DE","2019-08-06","56","56.62","55.4","55.5","2626228","-0.5","-0.89286","55.88",
"BAYN.DE","2019-08-05","57.4","57.64","55.68","55.83","4523466","-1.57","-2.74","56.6375",
"BAYN.DE","2019-08-02","59.6","59.64","57.82","58","5276593","-1.6","-2.68","58.765",
"BAYN.DE","2019-08-01","58.51","60.69","58.4","60.25","4004091","1.74","2.97","59.4625",
"BAYN.DE","2019-07-31","56.81","58.94","56.81","58.75","4403693","1.94","3.41","57.8275",
"BAYN.DE","2019-07-30","58.5","58.5","56.52","57.16","6918351","-1.34","-2.29","57.67",
"BAYN.DE","2019-07-29","59.9","60.14","59.26","59.33","2213895","-0.57","-0.95159","59.6575",
"BAYN.DE","2019-07-26","59.5","60.15","59.36","59.9","2656656","0.4","0.67227","59.7275",
"BAYN.DE","2019-07-25","60.5","61.04","58.88","59.18","3196826","-1.32","-2.18","59.9",
"BAYN.DE","2019-07-24","61.26","61.34","60.08","60.1","2151927","-1.16","-1.89","60.695",
"BAYN.DE","2019-07-23","60","61.42","59.97","60.99","3056728","0.99","1.65","60.595",
"BAYN.DE","2019-07-22","59.54","59.95","59.21","59.6","2260391","0.059997","0.10077","59.575",
"BAYN.DE","2019-07-19","59.59","60.03","59.03","59.55","3075454","-0.040001","-0.06712536","59.55",
"BAYN.DE","2019-07-18","59.1","59.61","58.67","58.76","2115164","-0.34","-0.5753","59.035",
"BAYN.DE","2019-07-17","59.14","59.7","58.65","59.01","2027433","-0.13","-0.21982","59.125",
"BAYN.DE","2019-07-16","59.61","60.13","58.9","59.08","3092087","-0.53","-0.88911","59.43",
"BAYN.DE","2019-07-15","58.85","59.49","58.1","58.63","1750186","-0.22","-0.37383","58.7675",
"BAYN.DE","2019-07-12","59.31","59.5","58.79","58.83","2304644","-0.48","-0.80931","59.1075",
"BAYN.DE","2019-07-11","59.9","59.9","58.99","59.14","2146429","-0.76","-1.27","59.4825",
"BAYN.DE","2019-07-10","59.69","60.09","59.02","59.51","2496678","-0.18","-0.30156","59.5775",
"BAYN.DE","2019-07-09","59.28","59.97","58.77","59.8","3404371","0.52","0.87719","59.455",
"BAYN.DE","2019-07-08","60.55","60.94","59.59","60.03","2104359","-0.52","-0.85879","60.2775",
"BAYN.DE","2019-07-05","61.14","61.16","60.71","60.71","2037462","-0.43","-0.7033","60.93",
"BAYN.DE","2019-07-04","61.1","61.26","60.41","60.92","1834881","-0.18","-0.2946","60.9225",
"BAYN.DE","2019-07-03","60.84","61.9","60.75","61.01","2281126","0.17","0.27942","61.125",
"BAYN.DE","2019-07-02","61.34","61.5","60.35","60.53","2463840","-0.81","-1.32","60.93",
"BAYN.DE","2019-07-01","61.5","62.19","61.31","61.31","3552297","-0.19","-0.30894","61.5775",
"BAYN.DE","2019-06-28","60.86","61.31","60.46","60.94","4942926","0.079998","0.13145","60.8925",
"BAYN.DE","2019-06-27","58.75","61.45","58.6","60.86","9516180","2.11","3.59","59.915",
"BAYN.DE","2019-06-26","55.36","56.75","55.13","55.99","2866575","0.63","1.14","55.8075",
"BAYN.DE","2019-06-25","55.15","55.74","54.71","55.32","2220804","0.17","0.30825","55.23",
"BAYN.DE","2019-06-24","55.06","55.42","54.25","55.34","3005513","0.28","0.50854","55.0175",
"BAYN.DE","2019-06-21","55.33","55.68","54.43","54.82","10002717","-0.51","-0.92174","55.065",
"BAYN.DE","2019-06-20","55.41","56.22","55.3","55.49","2858288","0.080002","0.14438","55.605",
"BAYN.DE","2019-06-19","54.26","55.26","54.09","55.03","2760607","0.77","1.42","54.66",
"BAYN.DE","2019-06-18","52.48","54.42","52.08","54.07","4203716","1.59","3.03","53.2625",
"BAYN.DE","2019-06-17","52.79","52.98","52.21","52.53","2295087","-0.26","-0.49252","52.6275",
"BAYN.DE","2019-06-14","53.21","54.03","52.69","52.85","2336104","-0.36","-0.67656","53.195",
"BAYN.DE","2019-06-13","53.03","53.67","52.67","53.63","2267046","0.6","1.13","53.25",
"BAYN.DE","2019-06-12","53.7","54.31","53.2","53.31","2240951","-0.39","-0.72626","53.63",
"BAYN.DE","2019-06-11","52.51","54.38","52.51","53.85","3906550","1.34","2.55","53.3125",
"BAYN.DE","2019-06-07","53.3","53.75","52.45","52.87","3560161","-0.43","-0.80675","53.0925",
"BAYN.DE","2019-06-06","53.97","54.41","52.56","53.29","2656587","-0.68","-1.26","53.5575",
"BAYN.DE","2019-06-05","54.47","54.53","53.39","53.98","2257810","-0.49","-0.89958","54.0925",
"BAYN.DE","2019-06-04","53.62","55.02","53.44","54.5","3233118","0.88","1.64","54.145",
"BAYN.DE","2019-06-03","52.5","53.88","52.02","53.88","3300887","1.38","2.63","53.07",
"BAYN.DE","2019-05-31","53.65","53.75","52.37","52.82","3827369","-0.83","-1.55","53.1475",
"BAYN.DE","2019-05-30","54.24","54.43","53.74","54.3","1438855","0.059997","0.11062","54.1775",
"BAYN.DE","2019-05-29","54.7","54.89","53.72","53.91","3281270","-0.79","-1.44","54.305",
"BAYN.DE","2019-05-28","54.66","55.58","54.17","55.43","3433609","0.77","1.41","54.96",
"BAYN.DE","2019-05-27","54.29","54.67","54.01","54.67","1600200","0.38","0.69994","54.41",
"BAYN.DE","2019-05-24","54.5","54.62","53.6","53.9","3059943","-0.6","-1.1","54.155",
"BAYN.DE","2019-05-23","55.9","55.9","54.06","54.21","3720851","-1.69","-3.02","55.0175",
"BAYN.DE","2019-05-22","55.92","56.34","55.18","55.85","2147331","-0.07","-0.12518","55.8225",
"BAYN.DE","2019-05-21","55.73","56.41","55.6","56.07","2109780","0.34","0.61008","55.9525",
"BAYN.DE","2019-05-20","56.85","56.86","55.37","55.8","2891319","-1.05","-1.85","56.22",
"BAYN.DE","2019-05-17","57.15","57.24","56.31","56.95","3323031","-0.2","-0.34996","56.9125",
"BAYN.DE","2019-05-16","56.11","57.32","55.82","57.29","2711328","1.18","2.1","56.635",
"BAYN.DE","2019-05-15","55.47","56.94","55.09","56.45","4345316","0.98","1.77","55.9875",
"BAYN.DE","2019-05-14","53.66","55.54","53.65","55.33","6053963","1.67","3.11","54.545",
"BAYN.DE","2019-05-13","57.3","57.3","56.03","56.47","3016515","-0.83","-1.45","56.775",
"BAYN.DE","2019-05-10","57.59","58.18","57.17","57.54","3587407","-0.049999","-0.08682063","57.62",
"BAYN.DE","2019-05-09","58.99","59.25","56.99","57.07","4691591","-1.92","-3.25","58.075",
"BAYN.DE","2019-05-08","59.39","59.97","59.15","59.65","3424393","0.26","0.43778","59.54",
"BAYN.DE","2019-05-07","61.68","61.68","59.43","59.61","3129289","-2.07","-3.36","60.6",
"BAYN.DE","2019-05-06","60.9","61.3","60.75","61.13","2744946","0.23","0.37767","61.02",
"BAYN.DE","2019-05-03","62","62.45","61.37","61.87","2836892","-0.13","-0.20968","61.9225",
"BAYN.DE","2019-05-02","60.51","62.18","60.23","61.57","6434729","1.06","1.75","61.1225",
"BAYN.DE","2019-04-30","59.5","59.99","59.06","59.34","3120119","-0.16","-0.26891","59.4725",
"BAYN.DE","2019-04-29","59.2","60.67","59.05","59.38","3567461","0.18","0.30405","59.575",
"BAYN.DE","2019-04-26","61.15","62.14","60.27","61.54","4672473","0.39","0.63778","61.275",
"BAYN.DE","2019-04-25","62","62.92","60.81","61.04","5228213","-0.96","-1.55","61.6925",
"BAYN.DE","2019-04-24","61.82","61.98","60.05","60.2","4317631","-1.62","-2.62","61.0125",
"BAYN.DE","2019-04-23","61.11","62.35","61.09","62","3367088","0.89","1.46","61.6375",
"BAYN.DE","2019-04-18","61.39","62","60.74","61.16","4465525","-0.23","-0.37465","61.3225",
"BAYN.DE","2019-04-17","62.16","62.32","61.46","61.54","3866903","-0.62","-0.99743","61.87",
"BAYN.DE","2019-04-16","61.9","62.6","61.58","62.21","2436976","0.31","0.50081","62.0725",
"BAYN.DE","2019-04-15","61.58","62.1","61.25","61.71","2495741","0.13","0.21111","61.66",
"BAYN.DE","2019-04-12","60.58","62.02","59.67","61.42","3522556","0.84","1.39","60.9225",
"BAYN.DE","2019-04-11","61.48","61.51","60.14","60.79","3346657","-0.69","-1.12","60.98",
"BAYN.DE","2019-04-10","60.88","61.62","60.7","61.47","1973292","0.59","0.96912","61.1675",
"BAYN.DE","2019-04-09","60.99","61.74","60.58","60.92","2060380","-0.070004","-0.11477","61.0575",
"BAYN.DE","2019-04-08","61.36","61.61","60.88","61.29","2274866","-0.07","-0.11408","61.285",
"BAYN.DE","2019-04-05","61.06","61.66","60.68","61.47","3018999","0.41","0.67147","61.2175",
"BAYN.DE","2019-04-04","60.43","61.13","59.98","60.68","2718805","0.25","0.4137","60.555",
"BAYN.DE","2019-04-03","59.8","60.57","59.7","60.41","3490389","0.61","1.02","60.12",
"BAYN.DE","2019-04-02","58.23","59.45","58.22","59.15","3004556","0.92","1.58","58.7625",
"BAYN.DE","2019-04-01","57.18","58.32","57.15","58.26","3303003","1.08","1.89","57.7275",
"BAYN.DE","2019-03-29","56","57.6","55.84","57.6","5770978","1.6","2.86","56.76",
"BAYN.DE","2019-03-28","54.65","56.76","54.48","56.29","7101635","1.64","3","55.545",
"BAYN.DE","2019-03-27","57.33","57.52","56.31","56.33","5808176","-1","-1.74","56.8725",
"BAYN.DE","2019-03-26","57.38","57.63","55.66","57.07","6773637","-0.31","-0.54026","56.935",
"BAYN.DE","2019-03-25","58.44","58.44","57","57.59","6216812","-0.85","-1.45","57.8675",
"BAYN.DE","2019-03-22","61.1","61.48","59.2","59.3","5107733","-1.8","-2.95","60.27",
"BAYN.DE","2019-03-21","62.06","62.71","60.98","61.28","5320813","-0.78","-1.26","61.7575",
"BAYN.DE","2019-03-20","62.8","63.1","60.49","63","15258490","0.2","0.31847","62.3475",
"BAYN.DE","2019-03-19","67.75","69.96","67.48","69.7","2939772","1.95","2.88","68.7225",
"BAYN.DE","2019-03-18","67.81","68.08","67.39","68.03","2206927","0.22","0.32444","67.8275",
"BAYN.DE","2019-03-15","68.14","68.83","67.53","67.75","7006033","-0.39","-0.57235","68.0625",
"BAYN.DE","2019-03-14","67.54","67.95","66.97","67.79","2905102","0.25","0.37015","67.5625",
"BAYN.DE","2019-03-13","67","68.46","66.5","68.04","3644881","1.04","1.55","67.5",
"BAYN.DE","2019-03-12","69.22","69.26","66.44","67.04","4150881","-2.18","-3.15","67.99",
"BAYN.DE","2019-03-11","69.64","69.88","68.4","68.4","3082564","-1.24","-1.78","69.08",
"BAYN.DE","2019-03-08","70","70.5","69.05","69.49","3207320","-0.51","-0.72857","69.76",
"BAYN.DE","2019-03-07","72.34","72.34","70.47","71.14","2940601","-1.2","-1.66","71.5725",
"BAYN.DE","2019-03-06","72.84","73.17","72.31","72.47","2274191","-0.37","-0.50796","72.6975",
"BAYN.DE","2019-03-05","72.3","72.91","72.19","72.81","2129854","0.50999","0.70539","72.5525",
"BAYN.DE","2019-03-04","72","72.98","71.84","72.35","2651218","0.35","0.48611","72.2925",
"BAYN.DE","2019-03-01","70.8","71.93","70.64","71.43","3306575","0.63","0.88983","71.2",
"BAYN.DE","2019-02-28","69.06","70.53","68.32","70.28","3385356","1.22","1.77","69.5475",
"BAYN.DE","2019-02-27","68","70.33","67.65","69.28","5553043","1.28","1.88","68.815",
"BAYN.DE","2019-02-26","66.64","66.98","66.23","66.5","3085091","-0.14","-0.21008","66.5875",
"BAYN.DE","2019-02-25","67.17","67.84","66.93","66.93","2175280","-0.24","-0.3573","67.2175",
"BAYN.DE","2019-02-22","67.93","68.4","67","67","2851688","-0.93","-1.37","67.5825",
"BAYN.DE","2019-02-21","68.92","68.97","67.63","67.9","1875565","-1.02","-1.48","68.355",
"BAYN.DE","2019-02-20","68.1","68.79","67.59","68.36","1750251","0.26","0.38179","68.21",
"BAYN.DE","2019-02-19","67.83","68.86","67.59","67.8","1943420","-0.029999","-0.04422822","68.02",
"BAYN.DE","2019-02-18","68","68.4","67.13","68.16","1670639","0.16","0.23529","67.9225",
"BAYN.DE","2019-02-15","65.18","68.5","65.09","68.17","4044916","2.99","4.59","66.735",
"BAYN.DE","2019-02-14","68.5","68.77","65.5","65.55","3344447","-2.95","-4.31","67.08",
"BAYN.DE","2019-02-13","67.95","68.49","67.38","68.31","1967242","0.36","0.5298","68.0325",
"BAYN.DE","2019-02-12","67.2","68.22","66.84","67.5","1806740","0.3","0.44643","67.44",
"BAYN.DE","2019-02-11","66.45","67.11","65.9","66.59","1913835","0.14","0.21068","66.5125",
"BAYN.DE","2019-02-08","67","67.21","65.8","66.2","2843036","-0.8","-1.19","66.5525",
"BAYN.DE","2019-02-07","68.73","68.82","67","67","3325455","-1.73","-2.52","67.8875",
"BAYN.DE","2019-02-06","69.02","69.26","68.14","69.07","2593365","0.050003","0.07244277","68.8725",
"BAYN.DE","2019-02-05","67.44","69.37","67.29","69.28","2835592","1.84","2.73","68.345",
"BAYN.DE","2019-02-04","67.2","68.06","66.99","67.57","2408265","0.37","0.5506","67.455",
"BAYN.DE","2019-02-01","66.5","66.98","65.82","66.97","2276915","0.47","0.70677","66.5675",
"BAYN.DE","2019-01-31","66.08","67.19","65.24","66.2","3212355","0.12","0.1816","66.1775",
"BAYN.DE","2019-01-30","65.73","66.45","65.4","65.69","1720472","-0.040001","-0.06085501","65.8175",
"BAYN.DE","2019-01-29","66.29","66.59","64.89","65.99","3072310","-0.3","-0.45256","65.94",
"BAYN.DE","2019-01-28","67.46","67.6","66.38","66.59","2784789","-0.87","-1.29","67.0075",
"BAYN.DE","2019-01-25","66.63","68.46","66.5","67.81","3687107","1.18","1.77","67.35",
"BAYN.DE","2019-01-24","66.04","66.28","65.37","66.02","2600300","-0.020004","-0.03028468","65.9275",
"BAYN.DE","2019-01-23","65.59","66.34","65.37","66","2404937","0.41","0.6251","65.825",
"BAYN.DE","2019-01-22","65.47","66.1","64.72","65.96","2069014","0.49","0.74843","65.5625",
"BAYN.DE","2019-01-21","66.5","66.56","65.69","65.97","1769957","-0.53","-0.79699","66.18",
"BAYN.DE","2019-01-18","64.7","66.5","64.59","66.5","4321322","1.8","2.78","65.5725",
"BAYN.DE","2019-01-17","64.52","64.77","63.79","64.16","2023615","-0.35999","-0.55797","64.31",
"BAYN.DE","2019-01-16","65","65.4","64.85","65.08","1875781","0.080002","0.12308","65.0825",
"BAYN.DE","2019-01-15","65.47","65.49","63.14","65.02","3072331","-0.45","-0.68734","64.78",
"BAYN.DE","2019-01-14","65.25","65.48","64.54","64.85","2012034","-0.4","-0.61303","65.03",
"BAYN.DE","2019-01-11","66.1","66.25","64.67","65.7","2062074","-0.4","-0.60514","65.68",
"BAYN.DE","2019-01-10","65.15","65.98","64.07","65.88","2231802","0.73","1.12","65.27",
"BAYN.DE","2019-01-09","66.51","67.16","65.44","65.59","3551236","-0.92001","-1.38","66.175",
"BAYN.DE","2019-01-08","64.51","66.16","64.2","65.52","4119018","1.01","1.57","65.0975",
"BAYN.DE","2019-01-07","65.01","65.1","63.47","63.87","3394428","-1.14","-1.75","64.3625",
"BAYN.DE","2019-01-04","62.25","65.05","62.01","64.9","5066291","2.65","4.26","63.5525",
"BAYN.DE","2019-01-03","60.1","61.47","60.1","60.8","3126037","0.7","1.16","60.6175",
"BAYN.DE","2019-01-02","59.7","61.28","59.43","60.86","2696276","1.16","1.94","60.3175",
"BAYN.DE","2018-12-28","59.56","60.88","59.4","60.56","2286927","1","1.68","60.1",
"BAYN.DE","2018-12-27","61.72","62.14","58.34","59.16","3809877","-2.56","-4.15","60.34",
"BAYN.DE","2018-12-21","60.86","61.39","59.61","61.39","7947561","0.53","0.87085","60.8125",
"BAYN.DE","2018-12-20","61.09","61.81","60.77","61","4229713","-0.09","-0.14732","61.1675",
"BAYN.DE","2018-12-19","63.33","63.57","60.55","61.63","5049523","-1.7","-2.68","62.27",
"BAYN.DE","2018-12-18","63.73","64.35","62.99","63.41","3474679","-0.32","-0.50212","63.62",
"BAYN.DE","2018-12-17","63.78","64.71","62.91","64","3371095","0.22","0.34494","63.85",
"BAYN.DE","2018-12-14","64","64.45","62.99","63.36","3478310","-0.64","-1","63.7",
"BAYN.DE","2018-12-13","64.55","64.8","63.88","64.4","2474343","-0.15","-0.23238","64.4075",
"BAYN.DE","2018-12-12","63.21","64.71","63.1","64.33","3418696","1.12","1.77","63.8375",
"BAYN.DE","2018-12-11","61.44","63.89","61.22","62.85","5018442","1.41","2.29","62.35",
"BAYN.DE","2018-12-10","64.19","64.19","60.27","60.8","6337554","-3.39","-5.28","62.3625",
"BAYN.DE","2018-12-07","62.5","64.29","61.85","63.43","5377233","0.93","1.49","63.0175",
"BAYN.DE","2018-12-06","65.28","65.28","62.13","62.37","5230352","-2.91","-4.46","63.765",
"BAYN.DE","2018-12-05","64.76","66.7","64.14","65.61","4213340","0.85","1.31","65.3025",
"BAYN.DE","2018-12-04","66.38","66.94","65.15","65.33","3250193","-1.05","-1.58","65.95",
"BAYN.DE","2018-12-03","66","67.5","65.85","66.59","3976791","0.59","0.89394","66.485",
"BAYN.DE","2018-11-30","63.75","65.7","63.23","64.58","5207229","0.83","1.3","64.315",
"BAYN.DE","2018-11-29","64.82","66.75","62.91","63.77","5804846","-1.05","-1.62","64.5625",
"BAYN.DE","2018-11-28","64.14","65.02","64.06","64.23","2573554","0.090004","0.14032","64.3625",
"BAYN.DE","2018-11-27","64.26","64.71","62.95","63.75","2699419","-0.51","-0.79365","63.9175",
"BAYN.DE","2018-11-26","63.38","65.06","63.23","64.23","3123255","0.85","1.34","63.975",
"BAYN.DE","2018-11-23","62.21","63.23","62.01","62.81","2129755","0.6","0.96448","62.565",
"BAYN.DE","2018-11-22","62.66","63.01","61.99","62.23","1618512","-0.43","-0.68624","62.4725",
"BAYN.DE","2018-11-21","61.63","62.72","61.25","62.6","3205597","0.97","1.57","62.05",
"BAYN.DE","2018-11-20","61.91","62.14","60.95","61.02","3576017","-0.89","-1.44","61.505",
"BAYN.DE","2018-11-19","62.82","63.14","62.03","62.3","2895885","-0.52","-0.82776","62.5725",
"BAYN.DE","2018-11-16","63.61","63.87","61.66","62.59","5436888","-1.02","-1.6","62.9325",
"BAYN.DE","2018-11-15","65","65.14","62.93","63.51","4164980","-1.49","-2.29","64.145",
"BAYN.DE","2018-11-14","66.01","66.46","64.1","64.5","5283514","-1.51","-2.29","65.2675",
"BAYN.DE","2018-11-13","68.48","70.43","65.75","66.64","5904875","-1.84","-2.69","67.825",
"BAYN.DE","2018-11-12","71.52","71.72","68.28","68.61","3376050","-2.91","-4.07","70.0325",
"BAYN.DE","2018-11-09","70","71","69.61","71","2505231","1","1.43","70.4025",
"BAYN.DE","2018-11-08","71.9","71.9","70.57","70.72","2022545","-1.18","-1.64","71.2725",
"BAYN.DE","2018-11-07","70.38","71.92","70.25","71.54","2528097","1.16","1.65","71.0225",
"BAYN.DE","2018-11-06","70.23","70.96","69.59","70","2376637","-0.23","-0.3275","70.195",
"BAYN.DE","2018-11-05","70.24","70.87","69.85","70.18","1881890","-0.059998","-0.08542141","70.285",
"BAYN.DE","2018-11-02","70.51","71.76","69.94","69.94","3716799","-0.57","-0.8084","70.5375",
"BAYN.DE","2018-11-01","68.05","69.74","67.89","69.6","3595899","1.55","2.28","68.82",
"BAYN.DE","2018-10-31","67","68.25","66.74","67.78","4000389","0.78","1.16","67.4425",
"BAYN.DE","2018-10-30","68.24","68.55","66.38","66.69","3402279","-1.55","-2.27","67.465",
"BAYN.DE","2018-10-29","66.5","68.61","66.5","67.88","3018099","1.38","2.08","67.3725",
"BAYN.DE","2018-10-26","65.9","67","64.83","66.15","4887504","0.25","0.37936","65.97",
"BAYN.DE","2018-10-25","68.01","68.52","65.01","66.23","6229012","-1.78","-2.62","66.9425",
"BAYN.DE","2018-10-24","68.94","69.62","67.36","68.27","3856163","-0.67001","-0.97186","68.5475",
"BAYN.DE","2018-10-23","70.21","71.7","67.07","69.27","11459452","-0.94","-1.34","69.5625",
"BAYN.DE","2018-10-22","78.01","78.13","76.52","76.54","2971102","-1.47","-1.88","77.3",
"BAYN.DE","2018-10-19","77.8","78.27","77.12","77.59","3894136","-0.21001","-0.26992","77.695",
"BAYN.DE","2018-10-18","78","79.07","77.71","78.42","2999877","0.42","0.53846","78.3",
"BAYN.DE","2018-10-17","79.19","79.47","77.12","77.38","2673002","-1.81","-2.29","78.29",
"BAYN.DE","2018-10-16","78.45","78.92","77.43","78.28","3124388","-0.17","-0.2167","78.27",
"BAYN.DE","2018-10-15","76.34","78.7","76.28","78.07","2605894","1.73","2.27","77.3475",
"BAYN.DE","2018-10-12","79.03","79.16","76.09","76.1","3924996","-2.93","-3.71","77.595",
"BAYN.DE","2018-10-11","79.81","79.95","77.32","77.32","8495079","-2.49","-3.12","78.6",
"BAYN.DE","2018-10-10","74.49","76.08","74.32","75.01","4492431","0.52","0.69808","74.975",
"BAYN.DE","2018-10-09","74.93","75.28","73.41","74.95","2691184","0.019997","0.02669158","74.6425",
"BAYN.DE","2018-10-08","74.4","76.4","74.19","74.75","2891426","0.35","0.47043","74.935",
"BAYN.DE","2018-10-05","75.52","75.57","74.53","74.66","2380999","-0.85999","-1.14","75.07",
"BAYN.DE","2018-10-04","74.5","76.19","73.73","75.19","3720035","0.69","0.92617","74.9025",
"BAYN.DE","2018-10-02","75.36","75.42","74.22","74.58","2638682","-0.78","-1.04","74.895",
"BAYN.DE","2018-10-01","76.79","77.1","75.35","75.84","2829248","-0.95001","-1.24","76.27",
"BAYN.DE","2018-09-28","77.65","77.66","76.01","76.51","4457899","-1.14","-1.47","76.9575",
"BAYN.DE","2018-09-27","76.15","78.93","75.95","77.65","4714261","1.5","1.97","77.17",
"BAYN.DE","2018-09-26","75.79","76.64","75.54","76.46","3841321","0.67","0.88402","76.1075",
"BAYN.DE","2018-09-25","76","76.22","75.06","75.6","3628354","-0.4","-0.52632","75.72",
"BAYN.DE","2018-09-24","76.99","77","75.41","76.15","2855807","-0.84","-1.09","76.3875",
"BAYN.DE","2018-09-21","76.77","76.99","75.73","76.52","8610344","-0.25","-0.32565","76.5025",
"BAYN.DE","2018-09-20","74.97","76.64","74.53","75.82","5082173","0.85","1.13","75.49",
"BAYN.DE","2018-09-19","73.56","74.14","72.96","74.03","3218078","0.47","0.63893","73.6725",
"BAYN.DE","2018-09-18","73.5","73.89","72.27","73.3","3141638","-0.2","-0.27211","73.24",
"BAYN.DE","2018-09-17","71.98","73","71.16","72.9","3092121","0.92","1.28","72.26",
"BAYN.DE","2018-09-14","70.4","72.34","70.37","71.82","3761768","1.42","2.02","71.2325",
"BAYN.DE","2018-09-13","70.3","70.54","69.4","70.15","4155110","-0.15","-0.21337","70.0975",
"BAYN.DE","2018-09-12","70.34","70.94","69.62","70.3","4500241","-0.039993","-0.05686665","70.3",
"BAYN.DE","2018-09-11","72.61","72.61","69.94","70.34","5718059","-2.27","-3.13","71.375",
"BAYN.DE","2018-09-10","73.22","73.73","72.15","72.44","4935478","-0.78","-1.07","72.885",
"BAYN.DE","2018-09-07","74.85","74.97","71.66","73.49","6846412","-1.36","-1.82","73.7425",
"BAYN.DE","2018-09-06","77.62","77.88","74.81","74.89","5945604","-2.73","-3.52","76.3",
"BAYN.DE","2018-09-05","77.6","79.33","76.92","78.48","5079368","0.88","1.13","78.0825",
"BAYN.DE","2018-09-04","80.72","80.95","79.51","79.83","2915172","-0.89","-1.1","80.2525",
"BAYN.DE","2018-09-03","80.77","80.78","80.06","80.45","1679143","-0.32","-0.39619","80.515",
"BAYN.DE","2018-08-31","81.28","81.62","80.38","80.38","5387758","-0.9","-1.11","80.915",
"BAYN.DE","2018-08-30","82.62","82.68","81.11","81.55","2483535","-1.07","-1.3","81.99",
"BAYN.DE","2018-08-29","82.35","82.74","81.65","82.74","2275396","0.39","0.47359","82.37",
"BAYN.DE","2018-08-28","82.75","82.95","82.18","82.29","2231560","-0.46","-0.55589","82.5425",
"BAYN.DE","2018-08-27","82","82.65","81.8","82.65","1552176","0.65","0.79268","82.275",
"BAYN.DE","2018-08-24","81.95","83","81.39","81.91","2129226","-0.039993","-0.04881025","82.0625",
"BAYN.DE","2018-08-23","83.55","83.73","81.8","81.95","3693683","-1.6","-1.92","82.7575",
"BAYN.DE","2018-08-22","82.46","84.38","82.31","83.43","4228454","0.97","1.18","83.145",
"BAYN.DE","2018-08-21","82","83.58","81.61","82.12","4749699","0.12","0.14634","82.3275",
"BAYN.DE","2018-08-20","79.5","81.2","79.21","80.78","4962863","1.28","1.61","80.1725",
"BAYN.DE","2018-08-17","77.4","79.11","76.87","78.4","7033882","1","1.29","77.945",
"BAYN.DE","2018-08-16","78.82","78.92","75.5","77.05","11866877","-1.77","-2.25","77.5725",
"BAYN.DE","2018-08-15","83.5","83.72","80.32","80.79","6593144","-2.71","-3.25","82.0825",
"BAYN.DE","2018-08-14","83.8","85.09","83.16","83.76","5068650","-0.040001","-0.0477327","83.9525",
"BAYN.DE","2018-08-13","84.5","86.3","80.37","83.73","15919295","-0.77","-0.91124","83.725",
"BAYN.DE","2018-08-10","94.98","95.16","93.11","93.36","2911404","-1.62","-1.71","94.1525",
"BAYN.DE","2018-08-09","95.7","96.22","94.7","95.73","1476180","0.030006","0.03134796","95.5875",
"BAYN.DE","2018-08-08","95.98","96.83","95.49","96.06","1550723","0.079995","0.0833507","96.09",
"BAYN.DE","2018-08-07","95.71","97.03","95.5","96.02","1956776","0.31","0.3239","96.065",
"BAYN.DE","2018-08-06","95.54","96.45","94.63","95.07","1461949","-0.47","-0.49194","95.4225",
"BAYN.DE","2018-08-03","94.49","95.79","94.36","95.28","2166547","0.79","0.83607","94.98",
"BAYN.DE","2018-08-02","95.36","95.5","93.93","94.17","2416262","-1.19","-1.25","94.74",
"BAYN.DE","2018-08-01","95.01","96","95.01","95.8","2012916","0.79","0.83149","95.455",
"BAYN.DE","2018-07-31","95.28","95.53","94.34","95.26","1896578","-0.019997","-0.02099076","95.1025",
"BAYN.DE","2018-07-30","95.7","95.9","94.8","95.16","1539646","-0.53999","-0.56426","95.39",
"BAYN.DE","2018-07-27","95.08","96.94","94.56","96.26","2785445","1.18","1.24","95.71",
"BAYN.DE","2018-07-26","93.82","95.04","93.82","94.55","3118469","0.73","0.77809","94.3075",
"BAYN.DE","2018-07-25","93.1","93.65","92.15","92.78","1989839","-0.32","-0.34372","92.92",
"BAYN.DE","2018-07-24","92.62","93.66","92.42","93.31","2333217","0.68999","0.74498","93.0025",
"BAYN.DE","2018-07-23","92.49","92.74","91.8","92.42","1931237","-0.07","-0.07568386","92.3625",
"BAYN.DE","2018-07-20","92.1","93.35","91.48","92.05","4626312","-0.049995","-0.05428882","92.245",
"BAYN.DE","2018-07-19","92.79","92.99","91.99","92.35","2258956","-0.44","-0.47419","92.53",
"BAYN.DE","2018-07-18","93.6","93.91","92.82","92.96","2392064","-0.64","-0.68376","93.3225",
"BAYN.DE","2018-07-17","92.75","93.59","92.09","93.41","2793410","0.66","0.71159","92.96",
"BAYN.DE","2018-07-16","93.15","93.97","93.15","93.17","1508279","0.019996","0.02147075","93.36",
"BAYN.DE","2018-07-13","92.87","93.8","92.72","93.39","2632792","0.52","0.55992","93.195",
"BAYN.DE","2018-07-12","92.58","92.8","92.05","92.66","1864679","0.080002","0.08641175","92.5225",
"BAYN.DE","2018-07-11","93.76","94.13","91.94","92.4","3287463","-1.36","-1.45","93.0575",
"BAYN.DE","2018-07-10","94.44","95.58","94.15","94.63","1957219","0.18999","0.20119","94.7",
"BAYN.DE","2018-07-09","94.22","94.38","93.69","94.05","2099089","-0.17","-0.18043","94.085",
"BAYN.DE","2018-07-06","94.3","94.41","92.9","93.75","3157846","-0.55","-0.58324","93.84",
"BAYN.DE","2018-07-05","93.94","94.67","93.76","94.25","2710979","0.31","0.33","94.155",
"BAYN.DE","2018-07-04","94.65","94.79","94.22","94.32","1498536","-0.33","-0.34865","94.495",
"BAYN.DE","2018-07-03","95.91","96.09","94.2","94.64","2426416","-1.27","-1.32","95.21",
"BAYN.DE","2018-07-02","93.75","95.42","93.24","94.92","2434947","1.17","1.25","94.3325",
"BAYN.DE","2018-06-29","95.12","95.82","94.35","94.35","3247192","-0.77","-0.8095","94.91",
"BAYN.DE","2018-06-28","95.36","95.83","93.33","94.27","3900739","-1.09","-1.14","94.6975",
"BAYN.DE","2018-06-27","96.11","97.16","94.44","95.86","3544417","-0.25","-0.26012","95.8925",
"BAYN.DE","2018-06-26","96.63","96.83","95.55","96","2429057","-0.63","-0.65197","96.2525",
"BAYN.DE","2018-06-25","98.35","98.82","96.16","96.27","3575523","-2.08","-2.11","97.4",
"BAYN.DE","2018-06-22","97.1","99.03","96.67","98.84","3221446","1.74","1.79","97.91",
"BAYN.DE","2018-06-21","97.18","97.66","96","96.39","2792664","-0.79","-0.81292","96.8075",
"BAYN.DE","2018-06-20","97.04","97.51","96.45","96.9","2760836","-0.14","-0.14427","96.975",
"BAYN.DE","2018-06-19","97.6","97.72","96.05","96.63","3725118","-0.97","-0.99385","97",
"BAYN.DE","2018-06-18","99.72","99.9","97.97","98.46","2581104","-1.26","-1.26","99.0125",
"BAYN.DE","2018-06-15","100.06","101.34","99.42","100.08","12895664","0.02","0.01998801","100.225",
"BAYN.DE","2018-06-14","97.97","101","97.89","100.8","6733401","2.83","2.89","99.415",
"BAYN.DE","2018-06-13","96.31","98.87","95.66","98.87","6597770","2.56","2.66","97.4275",
"BAYN.DE","2018-06-12","97.75","97.81","96.05","96.45","7204162","-1.3","-1.33","97.015",
"BAYN.DE","2018-06-11","98.21","98.58","97.01","97.37","4829970","-0.84","-0.85531","97.7925",
"BAYN.DE","2018-06-08","98","98.64","97.02","98.44","3808775","0.44","0.44898","98.025",
"BAYN.DE","2018-06-07","99.71","100.18","98.25","98.94","3198136","-0.77","-0.77224","99.27",
"BAYN.DE","2018-06-06","99.9","100.26","99.08","99.4","4612243","-0.5","-0.5005","99.66",
"BAYN.DE","2018-06-05","101.19","101.38","98.86","99.49","6343811","-1.69","-1.68","100.23",
"BAYN.DE","2018-06-04","102.78","102.98","100.26","101.09","3532057","-1.69","-1.64","101.7775",
"BAYN.DE","2018-06-01","100.52","102.19","100.48","101.72","2970157","1.2","1.19","101.2275",
"BAYN.DE","2018-05-31","101.58","101.62","99.18","100.24","4974857","-1.34","-1.32","100.655",
"BAYN.DE","2018-05-30","98.88","101.7","98.49","101.07","4961380","2.18","2.21","100.035",
"BAYN.DE","2018-05-29","97.56","98.63","96.65","97.27","3832093","-0.29524","-0.29725","97.5275",
"BAYN.DE","2018-05-28","99.39","100.2","97.86","98.22","2129973","-1.17","-1.18","98.9175",
"BAYN.DE","2018-05-25","100.91","102.27","100.6","101.11","3602444","0.19682","0.1982","101.2225",
"BAYN.DE","2018-05-24","101.24","102.09","100.06","100.34","2368079","-0.90538","-0.88898","100.9325",
"BAYN.DE","2018-05-23","103.04","103.11","100.48","101.11","3097420","-1.93","-1.87","101.935",
"BAYN.DE","2018-05-22","103.23","103.74","101.32","103.37","2574670","0.13778","0.13562","102.915",
"BAYN.DE","2018-05-21","102.7","102.7","102.7","102.7","0","0","0","102.7",
"BAYN.DE","2018-05-18","102.84","103.23","102.35","102.7","3620502","-0.13777","-0.13613","102.78",
"BAYN.DE","2018-05-17","101.62","102.84","101.46","102.84","1849961","1.22","1.2","102.19",
"BAYN.DE","2018-05-16","100.46","102.19","100.44","101.84","2374755","1.38","1.37","101.2325",
"BAYN.DE","2018-05-15","101.07","101.07","100.28","100.38","1909419","-0.68888","-0.6827","100.7",
"BAYN.DE","2018-05-14","100.67","101.24","100.38","100.93","1603614","0.25587","0.25827","100.805",
"BAYN.DE","2018-05-11","100.93","101.17","99.71","100.48","1841041","-0.45269","-0.44585","100.5725",
"BAYN.DE","2018-05-10","100.5","101.32","100.2","101.01","1627987","0.51174","0.50746","100.7575",
"BAYN.DE","2018-05-09","99.45","100.54","99.06","100.54","1778761","1.08","1.1","99.8975",
"BAYN.DE","2018-05-08","100.38","100.54","99.47","100.12","1768092","-0.25587","-0.25902","100.1275",
"BAYN.DE","2018-05-07","100.04","100.97","99.3","100.48","1818436","0.43301","0.43982","100.1975",
"BAYN.DE","2018-05-04","98.9","100.26","98.67","100.26","2967063","1.36","1.38","99.5225",
"BAYN.DE","2018-05-03","97.48","99.45","97.27","98.38","2329204","0.90538","0.92327","98.145",
"BAYN.DE","2018-05-02","97.21","98.75","97.15","98.04","3065919","0.82665","0.85382","97.7875",
"BAYN.DE","2018-04-30","96.44","97.79","96.36","97.7","2160428","1.26","1.31","97.0725",
"BAYN.DE","2018-04-27","96.61","97.3","96.15","96.57","2113164","-0.039365","-0.04140358","96.6575",
"BAYN.DE","2018-04-26","95.74","96.34","95.28","95.79","2269475","0.0492","0.05222478","95.7875",
"BAYN.DE","2018-04-25","96.01","96.07","94.93","95.92","2236934","-0.088567","-0.09374024","95.7325",
"BAYN.DE","2018-04-24","97.23","97.52","95.79","96.41","2360832","-0.81681","-0.84336","96.7375",
"BAYN.DE","2018-04-23","97.47","97.67","96.55","97.22","2067631","-0.24603","-0.25649","97.2275",
"BAYN.DE","2018-04-20","97.82","98.59","97.21","97.43","4047703","-0.39365","-0.39869","97.7625",
"BAYN.DE","2018-04-19","98.43","98.67","97.64","98.02","2157956","-0.41333","-0.41654","98.19",
"BAYN.DE","2018-04-18","99.38","99.61","98.55","98.71","2377695","-0.66919","-0.67418","99.0625",
"BAYN.DE","2018-04-17","98.8","99.3","97.75","99.08","4253903","0.27555","0.2834","98.7325",
"BAYN.DE","2018-04-16","97.65","97.91","96.02","96.42","2165613","-1.23","-1.26","97",
"BAYN.DE","2018-04-13","97.43","97.96","96.57","97.08","2446753","-0.34443","-0.35923","97.26",
"BAYN.DE","2018-04-12","95.57","97.28","95.12","96.93","2809389","1.37","1.42","96.225",
"BAYN.DE","2018-04-11","96.12","96.42","94.97","95.46","2788255","-0.65935","-0.68664","95.7425",
"BAYN.DE","2018-04-10","96.93","97.02","95.54","96.29","6099974","-0.63967","-0.66027","96.445",
"BAYN.DE","2018-04-09","92.2","92.75","91.16","91.95","2069581","-0.25587","-0.27115","92.015",
"BAYN.DE","2018-04-06","91.97","92.68","91.93","92.12","2306253","0.14762","0.1631","92.175",
"BAYN.DE","2018-04-05","90.95","93.03","90.95","92.68","3211367","1.73","1.9","91.9025",
"BAYN.DE","2018-04-04","89.37","90.2","88.2","89.96","3171062","0.59047","0.66018","89.4325",
"BAYN.DE","2018-04-03","89.53","89.77","88.83","89.23","3286946","-0.30508","-0.33508","89.34",
"BAYN.DE","2018-03-29","89.72","91.19","89.21","90.33","3625363","0.61015","0.67989","90.1125",
"BAYN.DE","2018-03-28","88.65","89.54","88.24","89.26","3042389","0.61014","0.6881","88.9225",
"BAYN.DE","2018-03-27","89.25","89.9","88.56","89.34","3171305","0.088566","0.10084","89.2625",
"BAYN.DE","2018-03-26","89.46","89.62","87.4","88.05","2839548","-1.41","-1.58","88.6325",
"BAYN.DE","2018-03-23","90.52","90.92","88.49","88.91","4739486","-1.6","-1.78","89.71",
"BAYN.DE","2018-03-22","92.01","92.31","90.6","91.55","3591630","-0.46253","-0.49995","91.6175",
"BAYN.DE","2018-03-21","93.15","94.12","92.31","92.87","2892893","-0.27555","-0.30059","93.1125",
"BAYN.DE","2018-03-20","92.69","92.93","91.67","92.73","2304427","0.039366","0.0431546","92.505",
"BAYN.DE","2018-03-19","93.93","94.1","92","92.18","3090158","-1.75","-1.86","93.0525",
"BAYN.DE","2018-03-16","92.51","94.35","92.33","94.02","7817278","1.52","1.63","93.3025",
"BAYN.DE","2018-03-15","94.04","95.5","92.41","93.33","4980986","-0.70856","-0.755","93.82",
"BAYN.DE","2018-03-14","93.98","94.69","93.71","94.09","2597265","0.10825","0.11705","94.1175",
"BAYN.DE","2018-03-13","96.05","96.79","93.86","94.5","3210132","-1.55","-1.61","95.3",
"BAYN.DE","2018-03-12","96.47","96.64","95.72","96.39","1783821","-0.07873","-0.08292733","96.305",
"BAYN.DE","2018-03-09","96.02","96.96","95.63","96.26","2580177","0.23618","0.24995","96.2175",
"BAYN.DE","2018-03-08","95.21","96.31","94.36","95.92","2685751","0.70856","0.74572","95.45",
"BAYN.DE","2018-03-07","93.4","95.56","93.16","95.56","3134601","2.16","2.31","94.42",
"BAYN.DE","2018-03-06","93.86","95.08","93.5","94.18","3347994","0.31491","0.34093","94.155",
"BAYN.DE","2018-03-05","90.43","93.16","90.06","93.12","3402894","2.69","2.97","91.6925",
"BAYN.DE","2018-03-02","92.32","92.95","90.98","91.22","3912439","-1.1","-1.19","91.8675",
"BAYN.DE","2018-03-01","93.79","94.91","92.98","93.69","3897213","-0.098417","-0.10662","93.8425",
"BAYN.DE","2018-02-28","93.49","95","92.93","94.7","5723413","1.21","1.29","94.03",
"BAYN.DE","2018-02-27","97.11","97.36","96.18","96.54","2588781","-0.57078","-0.58696","96.7975",
"BAYN.DE","2018-02-26","97.23","98.07","96.46","96.91","2537433","-0.31491","-0.32912","97.1675",
"BAYN.DE","2018-02-23","97.14","97.22","96.03","96.36","2048469","-0.77745","-0.80296","96.6875",
"BAYN.DE","2018-02-22","96.15","97.15","95.6","96.88","1861709","0.72824","0.75923","96.445",
"BAYN.DE","2018-02-21","96.77","97.04","96.12","96.87","2154150","0.098409","0.10334","96.7",
"BAYN.DE","2018-02-20","96.23","97.68","96.08","97.36","2378440","1.13","1.17","96.8375",
"BAYN.DE","2018-02-19","97.26","97.55","96.03","96.23","1638845","-1.03","-1.06","96.7675",
"BAYN.DE","2018-02-16","96.19","97.13","95.95","96.97","3388093","0.78729","0.8109","96.56",
"BAYN.DE","2018-02-15","96.56","96.7","95.14","95.84","3253663","-0.7184","-0.74565","96.06",
"BAYN.DE","2018-02-14","96.28","96.82","94.25","96.26","3462726","-0.019686","-0.02077275","95.9025",
"BAYN.DE","2018-02-13","96.19","96.43","95.41","95.41","2664188","-0.77745","-0.8109","95.86",
"BAYN.DE","2018-02-12","95.87","96.59","95.47","96.21","3365270","0.3346","0.35465","96.035",
"BAYN.DE","2018-02-09","95.85","96.19","93.21","94.61","6131927","-1.24","-1.29","94.965",
"BAYN.DE","2018-02-08","97.33","97.5","95.21","96.07","3765513","-1.26","-1.29","96.5275",
"BAYN.DE","2018-02-07","97.43","98.28","96.84","97.76","3863370","0.33459","0.3387","97.5775",
"BAYN.DE","2018-02-06","95.98","98.24","95.95","96.88","5796991","0.89554","0.9377","96.7625",
"BAYN.DE","2018-02-05","99.59","99.63","98","98.9","3404784","-0.68887","-0.69284","99.03",
"BAYN.DE","2018-02-02","101.74","101.76","100.1","100.38","2861728","-1.36","-1.34","100.995",
"BAYN.DE","2018-02-01","104.22","104.73","101.58","101.82","3248015","-2.4","-2.3","103.0875",
"BAYN.DE","2018-01-31","104.1","104.91","103.17","103.74","2666805","-0.35428","-0.34582","103.98",
"BAYN.DE","2018-01-30","104.22","104.61","103.37","103.84","2454115","-0.37396","-0.36461","104.01",
"BAYN.DE","2018-01-29","105.04","105.2","103.96","104.87","2025779","-0.17714","-0.16184","104.7675",
"BAYN.DE","2018-01-26","105","106.32","105","105.4","1986601","0.39364","0.38095","105.43",
"BAYN.DE","2018-01-25","105.69","106.26","104.43","104.95","3111672","-0.74792","-0.70016","105.3325",
"BAYN.DE","2018-01-24","107.76","108.47","106.11","106.11","3770712","-1.65","-1.53","107.1125",
"BAYN.DE","2018-01-23","105.57","107.74","104.95","107.48","4505648","1.91","1.81","106.435",
"BAYN.DE","2018-01-22","102.8","104.26","102.66","104.04","2588856","1.24","1.21","103.44",
"BAYN.DE","2018-01-19","101.95","102.98","101.93","102.43","2888187","0.47237","0.47082","102.3225",
"BAYN.DE","2018-01-18","102.19","102.66","101.3","101.84","2209652","-0.35428","-0.3425","101.9975",
"BAYN.DE","2018-01-17","102.35","102.7","101.38","101.95","2666213","-0.39364","-0.39082","102.095",
"BAYN.DE","2018-01-16","102.78","103.25","102.11","102.86","2376335","0.078729","0.07783615","102.75",
"BAYN.DE","2018-01-15","103.11","103.33","102.35","102.84","1699211","-0.27555","-0.26186","102.9075",
"BAYN.DE","2018-01-12","104","104.75","102.43","103.19","2259881","-0.80697","-0.77885","103.5925",
"BAYN.DE","2018-01-11","104.41","104.83","102.92","103.8","2638733","-0.61015","-0.58424","103.99",
"BAYN.DE","2018-01-10","105.36","105.48","102.98","103.86","3021907","-1.5","-1.42","104.42",
"BAYN.DE","2018-01-09","106.5","106.6","105.34","105.5","1997499","-1","-0.93897","105.985",
"BAYN.DE","2018-01-08","107.74","107.86","106.17","106.17","1969239","-1.57","-1.46","106.985",
"BAYN.DE","2018-01-05","103.82","107.66","103.71","106.5","5363406","2.68","2.58","105.4225",
"BAYN.DE","2018-01-04","101.8","103.1","101.34","102.6","3053135","0.80697","0.78585","102.21",
"BAYN.DE","2018-01-03","101.62","101.93","100.85","101.17","2700266","-0.45269","-0.44283","101.3925",
"BAYN.DE","2018-01-02","101.46","101.99","100.63","101.17","2775239","-0.29523","-0.28583","101.3125",
"BAYN.DE","2017-12-29","102.84","102.99","102","102.35","1377554","-0.49205","-0.47647","102.545",
"BAYN.DE","2017-12-28","103.82","104.07","102.59","102.74","1353453","-1.08","-1.04","103.305",
"BAYN.DE","2017-12-27","103.82","104.61","103.63","103.87","1100499","0.049206","0.04816028","103.9825",
"BAYN.DE","2017-12-22","103.92","104.51","103.77","103.77","1241700","-0.14762","-0.14434","103.9925",
"BAYN.DE","2017-12-21","103.58","104.46","103.23","104.17","1750820","0.59046","0.56961","103.86",
"BAYN.DE","2017-12-20","105.25","105.4","103.04","103.72","2720347","-1.53","-1.45","104.3525",
"BAYN.DE","2017-12-19","105.84","106.58","104.91","104.91","1638496","-0.9349","-0.87868","105.56",
"BAYN.DE","2017-12-18","105.5","107.07","105.2","106.09","2496855","0.59047","0.55924","105.965",
"BAYN.DE","2017-12-15","103.23","104.81","103.04","104.81","6284432","1.57","1.53","103.9725",
"BAYN.DE","2017-12-14","104.07","104.51","103.33","103.43","2652232","-0.63967","-0.61497","103.835",
"BAYN.DE","2017-12-13","104.76","105.05","104.22","104.71","2029764","-0.049205","-0.04772814","104.685",
"BAYN.DE","2017-12-12","103.43","105.3","102.89","104.96","2391863","1.53","1.48","104.145",
"BAYN.DE","2017-12-11","103.23","103.87","103.09","103.48","1585652","0.24603","0.24218","103.4175",
"BAYN.DE","2017-12-08","103.18","103.87","102.84","103.04","2290287","-0.14762","-0.13569","103.2325",
"BAYN.DE","2017-12-07","103.28","103.48","102.2","102.49","1793891","-0.78729","-0.76491","102.8625",
"BAYN.DE","2017-12-06","102.64","103.48","102.05","103.18","2757646","0.54126","0.52611","102.8375",
"BAYN.DE","2017-12-05","105.3","105.74","104.02","104.46","2110064","-0.83649","-0.79772","104.88",
"BAYN.DE","2017-12-04","106.28","106.53","105.05","105.69","1754752","-0.59046","-0.55514","105.8875",
"BAYN.DE","2017-12-01","105.94","106.68","104.27","104.61","3014430","-1.33","-1.26","105.375",
"BAYN.DE","2017-11-30","106.04","107.56","105.45","105.45","3005345","-0.59046","-0.55639","106.125",
"BAYN.DE","2017-11-29","106.92","108.01","106.23","106.33","2015600","-0.59046","-0.55181","106.8725",
"BAYN.DE","2017-11-28","106.28","107.02","105.84","106.63","1262733","0.34444","0.32932","106.4425",
"BAYN.DE","2017-11-27","105.74","107.07","105.4","106.23","1694952","0.49205","0.4634","106.11",
"BAYN.DE","2017-11-24","106.58","107.61","105.99","106.04","1546957","-0.54126","-0.50666","106.555",
"BAYN.DE","2017-11-23","106.38","107.27","106.04","106.78","1479051","0.39364","0.37601","106.6175",
"BAYN.DE","2017-11-22","107.86","108.3","106.63","106.78","1755278","-1.08","-1","107.3925",
"BAYN.DE","2017-11-21","106.68","108.55","106.14","107.91","2129120","1.23","1.15","107.32",
"BAYN.DE","2017-11-20","105.4","107.76","105.35","106.92","2052400","1.53","1.44","106.3575",
"BAYN.DE","2017-11-17","106.14","106.97","105.69","105.84","2077611","-0.29523","-0.28265","106.16",
"BAYN.DE","2017-11-16","106.73","107.66","106.19","106.19","1669203","-0.54126","-0.50595","106.6925",
"BAYN.DE","2017-11-15","106.28","106.58","105.15","106.23","1945815","-0.049205","-0.04704554","106.06",
"BAYN.DE","2017-11-14","107.27","108.01","106.82","106.97","1698572","-0.29523","-0.27967","107.2675",
"BAYN.DE","2017-11-13","107.96","108.4","106.14","106.92","1886734","-1.03","-0.96332","107.355",
"BAYN.DE","2017-11-10","108.74","108.79","107.46","108.05","2288661","-0.68887","-0.63454","108.26",
"BAYN.DE","2017-11-09","112.39","112.93","108.89","108.94","2977054","-3.44","-3.07","110.7875",
"BAYN.DE","2017-11-08","112.19","113.42","111.79","112.24","1885528","0.049205","0.04456725","112.41",
"BAYN.DE","2017-11-07","115.29","115.48","112.24","112.29","2100297","-3","-2.6","113.825",
"BAYN.DE","2017-11-06","114.3","115.39","114.11","114.99","1454412","0.68887","0.60367","114.6975",
"BAYN.DE","2017-11-03","113.07","114.3","112.58","114.16","2058008","1.08","0.964","113.5275",
"BAYN.DE","2017-11-02","112.53","112.98","112.14","112.58","1559745","0.049206","0.0444326","112.5575",
"BAYN.DE","2017-11-01","111.65","112.98","111.01","112.48","3393188","0.83649","0.74339","112.03",
"BAYN.DE","2017-10-31","109.92","109.92","109.92","109.92","0","0","0","109.92",
"BAYN.DE","2017-10-30","109.97","110.61","109.53","109.92","1843020","-0.049205","-0.04546695","110.0075",
"BAYN.DE","2017-10-27","110.71","111.2","109.92","109.92","2892765","-0.78729","-0.71358","110.4375",
"BAYN.DE","2017-10-26","110.61","111.3","108.55","110.66","4664481","0.049205","0.04520387","110.28",
"BAYN.DE","2017-10-25","114.16","115.09","112.29","112.63","2124634","-1.53","-1.34","113.5425",
"BAYN.DE","2017-10-24","115.48","115.73","114.4","114.4","2113513","-1.08","-0.93523","115.0025",
"BAYN.DE","2017-10-23","116.08","116.37","115.24","115.39","1506342","-0.68888","-0.59442","115.77",
"BAYN.DE","2017-10-20","117.26","117.65","115.34","116.08","1902648","-1.18","-1.01","116.5825",
"BAYN.DE","2017-10-19","117.16","117.45","115.88","116.81","1824394","-0.34444","-0.29874","116.825",
"BAYN.DE","2017-10-18","117.01","117.85","116.67","117.01","1251168","0","0","117.135",
"BAYN.DE","2017-10-17","117.26","117.4","116.08","116.72","1794562","-0.54126","-0.46052","116.865",
"BAYN.DE","2017-10-16","117.11","118.04","116.86","117.7","1991133","0.59046","0.5038","117.4275",
"BAYN.DE","2017-10-13","115.88","117.35","115.78","116.27","2148375","0.39364","0.33656","116.32",
"BAYN.DE","2017-10-12","115.09","115.29","114.45","114.94","1379755","-0.14762","-0.13033","114.9425",
"BAYN.DE","2017-10-11","115.14","115.63","114.7","115.29","1136819","0.14762","0.13028","115.19",
"BAYN.DE","2017-10-10","115.09","115.98","114.8","115.14","1175032","0.049205","0.04344426","115.2525",
"BAYN.DE","2017-10-09","115.29","115.39","114.8","115.39","941269","0.098411","0.08673779","115.2175",
"BAYN.DE","2017-10-06","114.35","115.68","114.06","115.34","1637639","0.98411","0.86576","114.8575",
"BAYN.DE","2017-10-05","114.55","114.94","113.71","114.75","2092367","0.19682","0.1746","114.4875",
"BAYN.DE","2017-10-04","114.11","116.91","113.42","115.78","3251875","1.67","1.46","115.055",
"BAYN.DE","2017-10-03","113.47","113.47","113.47","113.47","0","0","0","113.47",
"BAYN.DE","2017-10-02","113.81","114.16","112.53","113.47","1722845","-0.34444","-0.29874","113.4925",
"BAYN.DE","2017-09-29","111.35","113.47","111.06","113.47","3050996","2.12","1.9","112.3375",
"BAYN.DE","2017-09-28","110.02","111.2","109.38","111.11","1504919","1.08","0.99073","110.4275",
"BAYN.DE","2017-09-27","110.66","110.86","109.97","110.02","1380317","-0.63967","-0.57835","110.3775",
"BAYN.DE","2017-09-26","109.58","110.61","109.48","110.61","1518255","1.03","0.93995","110.07",
"BAYN.DE","2017-09-25","108.6","110.32","108.35","110.12","1818007","1.53","1.4","109.3475",
"BAYN.DE","2017-09-22","108.35","109.38","108.1","108.35","1586137","0","0","108.545",
"BAYN.DE","2017-09-21","108.15","108.69","107.96","108.65","1051028","0.49205","0.46232","108.3625",
"BAYN.DE","2017-09-20","107.96","108.79","107.46","108.1","1469247","0.14762","0.12968","108.0775",
"BAYN.DE","2017-09-19","108.4","108.74","107.91","108.15","1208000","-0.24603","-0.23063","108.3",
"BAYN.DE","2017-09-18","109.19","109.19","108.35","108.74","933532","-0.44285","-0.41213","108.8675",
"BAYN.DE","2017-09-15","109.68","109.88","108.4","108.5","5833051","-1.18","-1.08","109.115",
"BAYN.DE","2017-09-14","109.33","110.17","109.04","110.07","1680816","0.73808","0.67685","109.6525",
"BAYN.DE","2017-09-13","109.09","110.02","108.35","109.78","1749692","0.68887","0.63251","109.31",
"BAYN.DE","2017-09-12","108.84","110.07","108.84","109.53","1815550","0.68887","0.63396","109.32",
"BAYN.DE","2017-09-11","107.46","108.55","107.27","108.55","1645737","1.08","1.01","107.9575",
"BAYN.DE","2017-09-08","107.37","107.86","106.82","106.92","1122129","-0.44285","-0.41911","107.2425",
"BAYN.DE","2017-09-07","107.61","108.25","107.07","107.61","1856771","0","0","107.635",
"BAYN.DE","2017-09-06","105","107.22","104.81","107.02","1851456","2.02","1.92","106.0125",
"BAYN.DE","2017-09-05","106.28","107.46","105.55","105.69","1453032","-0.59046","-0.55514","106.245",
"BAYN.DE","2017-09-04","105.69","106.48","105.64","106.04","828836","0.34444","0.33116","105.9625",
"BAYN.DE","2017-09-01","106.23","107.22","106.19","106.63","1374100","0.39364","0.37654","106.5675",
"BAYN.DE","2017-08-31","105.99","106.53","105.64","105.79","1584372","-0.19682","-0.1887","105.9875",
"BAYN.DE","2017-08-30","106.09","106.43","105.1","105.35","1208691","-0.73808","-0.69752","105.7425",
"BAYN.DE","2017-08-29","106.09","106.63","104.27","105.45","2048439","-0.63967","-0.60326","105.61",
"BAYN.DE","2017-08-28","106.33","108.05","106.09","107.22","1482869","0.8857","0.83702","106.9225",
"BAYN.DE","2017-08-25","106.43","107.32","105.55","107.27","1470897","0.83649","0.78925","106.6425",
"BAYN.DE","2017-08-24","106.28","106.58","105.69","105.99","1254092","-0.29523","-0.27286","106.135",
"BAYN.DE","2017-08-23","106.97","107.76","105.99","106.33","1465064","-0.63967","-0.5983","106.7625",
"BAYN.DE","2017-08-22","105.5","107.51","105.15","107.17","1795044","1.67","1.58","106.3325",
"BAYN.DE","2017-08-21","105.84","105.89","104.27","104.71","1541891","-1.13","-1.07","105.1775",
"BAYN.DE","2017-08-18","105.79","106.53","104.91","106.19","1839027","0.39364","0.37811","105.855",
"BAYN.DE","2017-08-17","106.28","107.17","105.89","106.38","1513437","0.098411","0.09409108","106.43",
"BAYN.DE","2017-08-16","106.04","107.02","105.69","106.38","1405687","0.34444","0.32063","106.2825",
"BAYN.DE","2017-08-15","105.79","106.58","104.86","105.35","1149401","-0.44285","-0.41592","105.645",
"BAYN.DE","2017-08-14","104.81","105.94","104.61","105.35","1488223","0.54126","0.51522","105.1775",
"BAYN.DE","2017-08-11","102.35","104.46","102.05","104.02","2137254","1.67","1.63","103.22",
"BAYN.DE","2017-08-10","104.17","104.66","102.74","102.99","1846699","-1.18","-1.13","103.64",
"BAYN.DE","2017-08-09","104.02","104.51","103.18","104.22","2135408","0.19682","0.19227","103.9825",
"BAYN.DE","2017-08-08","105.1","105.2","103.92","105.1","1426120","0","0","104.83",
"BAYN.DE","2017-08-07","105.4","106.04","104.61","105.1","1442336","-0.29523","-0.28463","105.2875",
"BAYN.DE","2017-08-04","104.32","105.35","104.07","105.3","1862949","0.98411","0.93942","104.76",
"BAYN.DE","2017-08-03","104.12","105.69","103.82","104.56","1644399","0.44285","0.42259","104.5475",
"BAYN.DE","2017-08-02","105.5","105.84","104.22","104.51","1544846","-0.98411","-0.93839","105.0175",
"BAYN.DE","2017-08-01","105.89","106.09","104.66","105.79","1570360","-0.09841","-0.09443762","105.6075",
"BAYN.DE","2017-07-31","106.09","106.58","105.2","105.45","1931854","-0.63967","-0.60326","105.83",
"BAYN.DE","2017-07-28","105.5","105.99","104.76","105.99","2619379","0.49205","0.46445","105.56",
"BAYN.DE","2017-07-27","108.74","108.89","105.5","106.73","4518737","-2.02","-1.85","107.465",
"BAYN.DE","2017-07-26","109.83","110.91","109.48","109.97","1947201","0.14762","0.12747","110.0475",
"BAYN.DE","2017-07-25","109.29","110.47","109.29","109.83","1638932","0.54126","0.4941","109.72",
"BAYN.DE","2017-07-24","108.99","110.12","108.2","109.53","1908343","0.54126","0.49546","109.21",
"BAYN.DE","2017-07-21","110.42","111.5","108.99","109.24","3505121","-1.18","-1.07","110.0375",
"BAYN.DE","2017-07-20","109.83","111.79","109.63","110.27","2067177","0.44285","0.40062","110.38",
"BAYN.DE","2017-07-19","108.4","109.63","108.1","109.38","1594070","0.98411","0.90406","108.8775",
"BAYN.DE","2017-07-18","109.73","110.07","107.71","108.2","2146124","-1.53","-1.39","108.9275",
"BAYN.DE","2017-07-17","111.01","111.15","109.78","110.07","1181307","-0.9349","-0.84677","110.5025",
"BAYN.DE","2017-07-14","111.2","111.79","110.32","110.96","1435666","-0.24603","-0.21583","111.0675",
"BAYN.DE","2017-07-13","110.96","111.4","110.32","111.06","1818148","0.098411","0.09012257","110.935",
"BAYN.DE","2017-07-12","108.99","111.25","108.15","110.76","2070539","1.77","1.62","109.7875",
"BAYN.DE","2017-07-11","109.14","109.83","108.2","108.3","1470683","-0.83649","-0.76965","108.8675",
"BAYN.DE","2017-07-10","108.74","109.29","108.15","108.65","1532405","-0.09841","-0.08276623","108.7075",
"BAYN.DE","2017-07-07","108.74","109.33","108.15","108.2","1887713","-0.54126","-0.4966","108.605",
"BAYN.DE","2017-07-06","110.86","111.06","107.91","108.89","3240116","-1.97","-1.78","109.68",
"BAYN.DE","2017-07-05","111.01","111.45","109.73","110.61","2049097","-0.39364","-0.36033","110.7",
"BAYN.DE","2017-07-04","110.81","111.89","110.81","111.2","1493185","0.39364","0.35195","111.1775",
"BAYN.DE","2017-07-03","110.32","112.04","109.43","111.6","2914388","1.28","1.16","110.8475",
"BAYN.DE","2017-06-30","116.37","116.42","109.78","111.4","5744143","-4.97","-4.27","113.4925",
"BAYN.DE","2017-06-29","119.96","120.45","116.03","116.22","2803100","-3.74","-3.12","118.165",
"BAYN.DE","2017-06-28","118.88","120.06","117.85","119.77","1901620","0.8857","0.74865","119.14",
"BAYN.DE","2017-06-27","120.16","120.31","118.98","119.82","1379306","-0.34444","-0.28296","119.8175",
"BAYN.DE","2017-06-26","120.16","120.75","119.72","120.21","1260214","0.049205","0.04161119","120.21",
"BAYN.DE","2017-06-23","120.36","120.9","119.32","119.96","1362769","-0.39364","-0.33234","120.135",
"BAYN.DE","2017-06-22","119.96","120.7","118.83","120.55","1612156","0.59046","0.49183","120.01",
"BAYN.DE","2017-06-21","119.96","120.01","118.78","119.86","1543017","-0.09841","-0.08336112","119.6525",
"BAYN.DE","2017-06-20","121.64","121.64","119.86","119.86","1806913","-1.77","-1.46","120.75",
"BAYN.DE","2017-06-19","121.73","121.93","120.65","121.34","1556928","-0.39364","-0.32038","121.4125",
"BAYN.DE","2017-06-16","120.06","121.59","119.47","120.85","6721349","0.78729","0.658","120.4925",
"BAYN.DE","2017-06-15","119.62","120.06","118.19","119.67","2879646","0.049205","0.04179903","119.385",
"BAYN.DE","2017-06-14","118.39","119.96","117.95","119.52","2674319","1.13","0.95447","118.955",
"BAYN.DE","2017-06-13","117.26","118.24","117.11","117.99","1835134","0.73808","0.62255","117.65",
"BAYN.DE","2017-06-12","117.4","118.88","116.57","116.57","1824852","-0.83649","-0.70698","117.355",
"BAYN.DE","2017-06-09","116.62","117.95","115.98","117.16","1539356","0.54126","0.46304","116.9275",
"BAYN.DE","2017-06-08","115.83","117.35","115.68","116.86","1674062","1.03","0.88923","116.43",
"BAYN.DE","2017-06-07","116.37","117.01","115.29","115.88","2127761","-0.49205","-0.42107","116.1375",
"BAYN.DE","2017-06-06","119.08","119.47","117.01","117.01","2214131","-2.07","-1.74","118.1425",
"BAYN.DE","2017-06-05","119.67","119.67","119.67","119.67","0","0","0","119.67",
"BAYN.DE","2017-06-02","117.7","120.06","117.4","119.67","2377696","1.97","1.67","118.7075",
"BAYN.DE","2017-06-01","116.27","117.6","116.03","117.16","1597039","0.8857","0.76546","116.765",
"BAYN.DE","2017-05-31","114.75","116.96","114.5","116.22","2735994","1.48","1.28","115.6075",
"BAYN.DE","2017-05-30","114.25","115.29","114.16","114.65","1125132","0.39364","0.35011","114.5875",
"BAYN.DE","2017-05-29","114.85","114.85","114.16","114.85","663642","0","0","114.6775",
"BAYN.DE","2017-05-26","114.99","115.14","114.45","114.85","1448604","-0.14762","-0.12175","114.8575",
"BAYN.DE","2017-05-25","116.03","116.22","114.3","114.89","1226283","-1.13","-0.9825","115.36",
"BAYN.DE","2017-05-24","115.83","116.22","115.39","115.78","1288331","-0.049205","-0.04316671","115.805",
"BAYN.DE","2017-05-23","115.44","116.52","115.14","116.17","1981456","0.73808","0.63236","115.8175",
"BAYN.DE","2017-05-22","115.14","115.29","114.25","114.75","1236132","-0.39364","-0.33872","114.8575",
"BAYN.DE","2017-05-19","115.24","115.34","114.65","115.09","2232868","-0.14762","-0.13016","115.08",
"BAYN.DE","2017-05-18","113.57","115.29","113.22","114.89","2863694","1.33","1.16","114.2425",
"BAYN.DE","2017-05-17","114.65","115.83","113.66","114.06","2116045","-0.59046","-0.51461","114.55",
"BAYN.DE","2017-05-16","114.16","115.88","114.11","115.73","1876151","1.57","1.38","114.97",
"BAYN.DE","2017-05-15","115.34","115.48","113.62","114.21","1415876","-1.13","-0.97971","114.6625",
"BAYN.DE","2017-05-12","114.4","114.94","113.76","114.89","1722289","0.49205","0.42832","114.4975",
"BAYN.DE","2017-05-11","114.3","114.45","113.22","113.27","1591134","-1.03","-0.90114","113.81",
"BAYN.DE","2017-05-10","113.47","114.45","113.17","114.45","1490457","0.98411","0.86366","113.885",
"BAYN.DE","2017-05-09","114.16","114.6","113.66","113.86","1467441","-0.29523","-0.26279","114.07",
"BAYN.DE","2017-05-08","113.71","114.16","112.73","113.42","2013801","-0.29523","-0.25503","113.505",
"BAYN.DE","2017-05-05","111.25","113.27","110.66","113.27","2148108","2.02","1.82","112.1125",
"BAYN.DE","2017-05-04","111.3","112.14","111.11","111.89","1906915","0.59046","0.5301","111.61",
"BAYN.DE","2017-05-03","109.09","110.86","108.94","110.86","2435306","1.77","1.62","109.9375",
"BAYN.DE","2017-05-02","109.68","109.97","108.3","109.19","2691603","-0.49205","-0.44675","109.285",
"BAYN.DE","2017-04-28","110.37","112.29","110.37","111.79","4565759","1.43","1.29","111.205",
"BAYN.DE","2017-04-27","108.1","111.55","108.01","110.86","4155382","2.76","2.55","109.63",
"BAYN.DE","2017-04-26","106.92","107.71","106.23","106.33","2023110","-0.59046","-0.55181","106.7975",
"BAYN.DE","2017-04-25","107.02","107.61","106.58","106.73","1906682","-0.29523","-0.27098","106.985",
"BAYN.DE","2017-04-24","105.55","106.97","105.25","106.97","3312502","1.43","1.35","106.185",
"BAYN.DE","2017-04-21","102.54","103.77","102.35","103.53","2830993","0.98411","0.96548","103.0475",
"BAYN.DE","2017-04-20","102.4","103.18","102.15","102.74","1522363","0.34444","0.33203","102.6175",
"BAYN.DE","2017-04-19","102.74","103.13","102.15","102.84","1737534","0.098411","0.09733307","102.715",
"BAYN.DE","2017-04-18","105.3","105.55","102.54","102.54","2121803","-2.76","-2.62","103.9825",
"BAYN.DE","2017-04-13","104.66","105.45","104.51","104.86","1833357","0.19682","0.19109","104.87",
"BAYN.DE","2017-04-12","104.22","105.4","103.97","104.56","1496077","0.34444","0.32623","104.5375",
"BAYN.DE","2017-04-11","104.32","105.4","103.48","104.22","1969718","-0.098411","-0.0958589","104.355",
"BAYN.DE","2017-04-10","106.28","106.28","104.96","104.96","1188139","-1.33","-1.24","105.62",
"BAYN.DE","2017-04-07","105.45","106.09","105.25","105.79","1374151","0.34444","0.32243","105.645",
"BAYN.DE","2017-04-06","105.59","106.14","105.45","105.79","1295099","0.19682","0.18941","105.7425",
"BAYN.DE","2017-04-05","106.28","106.92","105.4","106.14","1841897","-0.14762","-0.13173","106.185",
"BAYN.DE","2017-04-04","106.19","106.48","105.3","105.79","1531227","-0.39364","-0.37668","105.94",
"BAYN.DE","2017-04-03","106.87","107.22","106.09","106.09","1433968","-0.78728","-0.72986","106.5675",
"BAYN.DE","2017-03-31","105.15","106.33","104.61","106.33","2631641","1.18","1.12","105.605",
"BAYN.DE","2017-03-30","105.5","105.69","104.71","105.1","1149078","-0.39364","-0.37915","105.25",
"BAYN.DE","2017-03-29","105.5","105.79","105.05","105.2","1215621","-0.29523","-0.28436","105.385",
"BAYN.DE","2017-03-28","105.35","106.19","104.96","105.2","2082819","-0.14762","-0.14238","105.425",
"BAYN.DE","2017-03-27","104.32","105.15","104.22","104.91","1468564","0.59046","0.56557","104.65",
"BAYN.DE","2017-03-24","105.35","106.23","105.25","105.3","1633811","-0.049205","-0.04746084","105.5325",
"BAYN.DE","2017-03-23","103.68","105.4","103.48","105.25","1550386","1.57","1.51","104.4525",
"BAYN.DE","2017-03-22","103.13","104.22","102.84","103.38","1880956","0.24603","0.24241","103.3925",
"BAYN.DE","2017-03-21","104.71","105.69","103.68","103.72","1813530","-0.98411","-0.94547","104.45",
"BAYN.DE","2017-03-20","104.56","104.96","104.41","104.56","1013200","0","0","104.6225",
"BAYN.DE","2017-03-17","104.96","105.69","104.41","105.15","4154262","0.19682","0.18102","105.0525",
"BAYN.DE","2017-03-16","106.28","106.28","104.86","105.3","2148439","-0.98411","-0.92209","105.68",
"BAYN.DE","2017-03-15","105.59","105.94","104.56","104.61","1345045","-0.98411","-0.92812","105.175",
"BAYN.DE","2017-03-14","105.59","105.59","104.66","105.55","1527424","-0.049205","-0.03788238","105.3475",
"BAYN.DE","2017-03-13","105.2","105.84","104.91","105.55","1447315","0.34444","0.3327","105.375",
"BAYN.DE","2017-03-10","104.51","105.45","104.46","105.05","1818535","0.54126","0.5167","104.8675",
"BAYN.DE","2017-03-09","103.92","104.76","103.63","104.17","1529140","0.24603","0.24057","104.12",
"BAYN.DE","2017-03-08","104.86","105.55","104.36","104.36","1655085","-0.49205","-0.47683","104.7825",
"BAYN.DE","2017-03-07","105.3","105.74","105.05","105.45","1539962","0.14762","0.14245","105.385",
"BAYN.DE","2017-03-06","104.66","105.59","104.51","105.05","1314076","0.39364","0.37264","104.9525",
"BAYN.DE","2017-03-03","103.97","104.96","103.92","104.96","1709985","0.98411","0.9522","104.4525",
"BAYN.DE","2017-03-02","104.32","104.51","103.87","104.51","1516264","0.19682","0.18213","104.3025",
"BAYN.DE","2017-03-01","102.54","104.66","102.54","103.92","2431583","1.38","1.35","103.415",
"BAYN.DE","2017-02-28","102.94","102.94","101.9","102.15","1824067","-0.78728","-0.76744","102.4825",
"BAYN.DE","2017-02-27","103.09","103.43","102.59","102.64","1421986","-0.44285","-0.43651","102.9375",
"BAYN.DE","2017-02-24","103.63","103.77","102.2","102.59","2549942","-1.03","-1","103.0475",
"BAYN.DE","2017-02-23","106.28","106.68","103.09","103.43","2668283","-2.85","-2.68","104.87",
"BAYN.DE","2017-02-22","107.17","107.17","102.99","106.19","3434369","-0.98411","-0.91444","105.88",
"BAYN.DE","2017-02-21","105.25","107.17","105.2","107.17","2293337","1.92","1.82","106.1975",
"BAYN.DE","2017-02-20","105.5","105.64","104.76","105.5","1155217","0","0","105.35",
"BAYN.DE","2017-02-17","103.82","104.81","103.38","104.81","2085503","0.98411","0.95357","104.205",
"BAYN.DE","2017-02-16","104.07","105.1","103.92","104.27","1635932","0.19682","0.19218","104.34",
"BAYN.DE","2017-02-15","104.76","104.96","103.92","104.32","1423954","-0.44285","-0.42001","104.49",
"BAYN.DE","2017-02-14","104.76","104.91","104.02","104.12","1207532","-0.63967","-0.61092","104.4525",
"BAYN.DE","2017-02-13","104.51","105.2","104.12","104.76","1138213","0.24603","0.23921","104.6475",
"BAYN.DE","2017-02-10","104.56","104.66","103.87","104.32","1460989","-0.24603","-0.22953","104.3525",
"BAYN.DE","2017-02-09","101.81","104.46","101.61","103.87","2608040","2.07","2.02","102.9375",
"BAYN.DE","2017-02-08","101.12","101.76","99.69","101.36","2101487","0.24603","0.23734","100.9825",
"BAYN.DE","2017-02-07","100.38","102","100.38","101.46","1703196","1.08","1.08","101.055",
"BAYN.DE","2017-02-06","101.36","102.3","100.38","100.38","1969825","-0.98411","-0.96685","101.105",
"BAYN.DE","2017-02-03","101.66","102.25","101.07","101.56","1361887","-0.098411","-0.09836711","101.635",
"BAYN.DE","2017-02-02","100.87","101.66","100.53","101.36","1372514","0.49205","0.48577","101.105",
"BAYN.DE","2017-02-01","100.87","101.51","100.48","101.02","1870991","0.14762","0.14871","100.97",
"BAYN.DE","2017-01-31","102.84","103.13","100.67","100.67","2859640","-2.17","-2.11","101.8275",
"BAYN.DE","2017-01-30","103.97","104.41","102.4","102.84","1920584","-1.13","-1.09","103.405",
"BAYN.DE","2017-01-27","104.71","104.81","103.92","104.27","1715270","-0.44285","-0.42021","104.4275",
"BAYN.DE","2017-01-26","102.94","105.64","102.74","104.76","3271271","1.82","1.77","104.02",
"BAYN.DE","2017-01-25","100.58","103.18","100.08","102.59","2929752","2.02","2","101.6075",
"BAYN.DE","2017-01-24","99.15","99.84","99.1","99.79","1658176","0.63967","0.64549","99.47",
"BAYN.DE","2017-01-23","99.89","100.18","99.1","99.44","1778325","-0.44285","-0.4505","99.6525",
"BAYN.DE","2017-01-20","100.23","101.22","99.84","100.87","2635581","0.63967","0.63853","100.54",
"BAYN.DE","2017-01-19","100.38","101.07","99.89","100.28","1983775","-0.098411","-0.09962144","100.405",
"BAYN.DE","2017-01-18","99.2","100.97","99.05","100.38","2009093","1.18","1.19","99.9",
"BAYN.DE","2017-01-17","99","99.35","98.04","98.85","1724265","-0.14762","-0.15152","98.81",
"BAYN.DE","2017-01-16","99.54","100.03","99.15","99.49","1042022","-0.049205","-0.05023106","99.5525",
"BAYN.DE","2017-01-13","99","100.08","98.8","100.03","1770664","1.03","1.04","99.4775",
"BAYN.DE","2017-01-12","99.3","99.3","98.41","98.41","1839270","-0.8857","-0.89627","98.855",
"BAYN.DE","2017-01-11","99.89","100.28","98.71","99.44","1453622","-0.44285","-0.4505","99.58",
"BAYN.DE","2017-01-10","100.48","100.72","98.9","99.25","2175344","-1.23","-1.22","99.8375",
"BAYN.DE","2017-01-09","101.17","101.36","99.44","100.08","1973122","-1.08","-1.08","100.5125",
"BAYN.DE","2017-01-06","100.92","101.61","100.48","100.77","1614471","-0.14762","-0.14863","100.945",
"BAYN.DE","2017-01-05","100.08","101.12","99.99","101.02","1922551","0.9349","0.93925","100.5525",
"BAYN.DE","2017-01-04","100.53","100.67","99.74","100.43","2069588","-0.098411","-0.09947279","100.3425",
"BAYN.DE","2017-01-03","99.15","99.44","98.13","99.15","1774642","0","0","98.9675",
"BAYN.DE","2017-01-02","97.25","98.85","97.03","98.61","1217856","1.36","1.4","97.935",
"BAYN.DE","2016-12-30","97.43","97.55","96.49","97.55","1459547","0.12793","0.12317","97.255",
"BAYN.DE","2016-12-29","96.88","97.41","96.6","97.16","1173688","0.28539","0.28902","97.0125",
"BAYN.DE","2016-12-28","97.21","97.33","96.69","97.12","1178068","-0.088566","-0.09258307","97.0875",
"BAYN.DE","2016-12-27","97.16","97.36","96.62","97.15","983104","-0.009843","-0.0102923","97.0725",
"BAYN.DE","2016-12-23","97.43","97.48","96.48","96.93","1193349","-0.49205","-0.51319","97.08",
"BAYN.DE","2016-12-22","97.4","97.4","96.91","97.23","1615938","-0.1673","-0.17454","97.235",
"BAYN.DE","2016-12-21","97.08","97.13","96.47","97.13","1736110","0.0492","0.05150391","96.9525",
"BAYN.DE","2016-12-20","96.93","97.53","96.72","97.13","2165133","0.19682","0.20633","97.0775",
"BAYN.DE","2016-12-19","96.68","96.79","95.58","96.79","2085099","0.10825","0.11378","96.46",
"BAYN.DE","2016-12-16","96.49","96.74","95.76","96.02","6108341","-0.47237","-0.4871","96.2525",
"BAYN.DE","2016-12-15","94.65","96.4","94.65","96.15","4091989","1.5","1.58","95.4625",
"BAYN.DE","2016-12-14","94.7","94.76","93.94","94.4","2079864","-0.30508","-0.31679","94.45",
"BAYN.DE","2016-12-13","93.67","94.94","93.6","94.68","3029877","1.01","1.08","94.2225",
"BAYN.DE","2016-12-12","93.25","93.79","92.53","93.49","2811214","0.23618","0.25737","93.265",
"BAYN.DE","2016-12-09","92.46","93.22","91.58","93.04","3322073","0.58063","0.6273","92.575",
"BAYN.DE","2016-12-08","88.96","92.37","88.77","91.69","5585914","2.73","3.07","90.4475",
"BAYN.DE","2016-12-07","88.72","89.13","87.65","88.67","3607023","-0.049209","-0.05635708","88.5425",
"BAYN.DE","2016-12-06","86.58","87.07","86.12","86.76","2174239","0.17714","0.2079","86.6325",
"BAYN.DE","2016-12-05","85.64","87.06","85.52","86.75","2498553","1.11","1.3","86.2425",
"BAYN.DE","2016-12-02","85.17","86.07","84.66","85.76","2477103","0.59046","0.69273","85.415",
"BAYN.DE","2016-12-01","86.69","86.75","84.94","85.4","3667124","-1.29","-1.49","85.945",
"BAYN.DE","2016-11-30","86.6","87.51","86.6","87.18","2622320","0.58062","0.66975","86.9725",
"BAYN.DE","2016-11-29","86.7","87.99","86.6","87.36","2161538","0.65935","0.76125","87.1625",
"BAYN.DE","2016-11-28","87.18","87.59","86.19","86.7","2162118","-0.48221","-0.55058","86.915",
"BAYN.DE","2016-11-25","87.48","87.73","87","87.39","1369231","-0.088565","-0.10288","87.4",
"BAYN.DE","2016-11-24","87.31","87.94","87.01","87.34","1596118","0.029522","0.03436033","87.4",
"BAYN.DE","2016-11-23","88.2","88.36","86.56","86.94","3190125","-1.26","-1.43","87.515",
"BAYN.DE","2016-11-22","89.87","90.04","87.79","88.19","2898506","-1.68","-1.87","88.9725",
"BAYN.DE","2016-11-21","90.05","90.18","89","89.55","2166211","-0.49205","-0.55525","89.695",
"BAYN.DE","2016-11-18","90.54","90.82","89.97","90.01","2948054","-0.53142","-0.58538","90.335",
"BAYN.DE","2016-11-17","89.55","90.54","89.35","90.39","3344426","0.83649","0.93802","89.9575",
"BAYN.DE","2016-11-16","88.57","89.67","88.08","89.37","9212259","0.79712","0.90324","88.9225",
"BAYN.DE","2016-11-15","92.97","93.42","92.35","93.27","1609302","0.30507","0.32268","93.0025",
"BAYN.DE","2016-11-14","92.71","93.48","91.75","92.52","2108187","-0.19682","-0.20494","92.615",
"BAYN.DE","2016-11-11","92.4","92.57","91.26","92.41","2147918","0.009844","0.01082251","92.16",
"BAYN.DE","2016-11-10","91.99","93.24","91.44","92.07","3121475","0.078724","0.08696597","92.185",
"BAYN.DE","2016-11-09","86.72","92.41","86.72","91.99","6286869","5.27","6.08","89.46",
"BAYN.DE","2016-11-08","87.53","87.97","86.93","87.48","1829030","-0.049209","-0.05712327","87.4775",
"BAYN.DE","2016-11-07","87.18","87.86","86.6","87.6","1745141","0.41333","0.48176","87.31",
"BAYN.DE","2016-11-04","87.09","87.09","86.12","86.52","2221243","-0.57079","-0.6545","86.705",
"BAYN.DE","2016-11-03","87.59","88.41","87.34","87.34","1625869","-0.24603","-0.28542","87.67",
"BAYN.DE","2016-11-02","88.73","89.15","87.7","87.7","1920129","-1.02","-1.16","88.32",
"BAYN.DE","2016-11-01","89.5","90.4","89.07","89.35","2383375","-0.15745","-0.1676","89.58",
"BAYN.DE","2016-10-31","88.87","89.43","88.6","88.86","1861380","-0.019679","-0.01125239","88.94",
"BAYN.DE","2016-10-28","88.73","89.88","88.19","89.28","1635211","0.5511","0.61986","89.02",
"BAYN.DE","2016-10-27","87.94","89.49","87.47","89.29","1950421","1.35","1.54","88.5475",
"BAYN.DE","2016-10-26","90.44","90.44","87.3","88.74","2689774","-1.7","-1.88","89.23",
"BAYN.DE","2016-10-25","89.85","90.05","89.58","90.05","1665966","0.19682","0.22259","89.8825",
"BAYN.DE","2016-10-24","89.31","89.94","89.23","89.6","1543302","0.29524","0.32471","89.52",
"BAYN.DE","2016-10-21","89.16","89.36","88.36","88.89","1881644","-0.26571","-0.30283","88.9425",
"BAYN.DE","2016-10-20","88.7","89.64","88.32","89.03","1790683","0.3346","0.37204","88.9225",
"BAYN.DE","2016-10-19","89.22","89.36","88.44","88.77","1659174","-0.4527","-0.50437","88.9475",
"BAYN.DE","2016-10-18","88.57","89.53","88.39","89.19","2084258","0.61998","0.70001","88.92",
"BAYN.DE","2016-10-17","88.59","88.8","87.88","88.05","1780548","-0.54126","-0.60955","88.33",
"BAYN.DE","2016-10-14","88.23","89.46","88.15","89.1","1739626","0.87585","0.98606","88.735",
"BAYN.DE","2016-10-13","87.85","88.15","86.79","87.98","1931041","0.12794","0.14798","87.6925",
"BAYN.DE","2016-10-12","88.85","88.89","87.96","88.25","1569187","-0.59046","-0.6753","88.4875",
"BAYN.DE","2016-10-11","89.22","89.78","88.85","89.01","1886109","-0.20667","-0.23537","89.215",
"BAYN.DE","2016-10-10","88.57","89.78","88.11","89.59","1568674","1.02","1.15","89.0125",
"BAYN.DE","2016-10-07","88.38","88.91","87.66","88.37","2432039","-0.009836","-0.01131478","88.33",
"BAYN.DE","2016-10-06","89.21","89.21","87.62","88.57","1772320","-0.63967","-0.71741","88.6525",
"BAYN.DE","2016-10-05","88.06","88.75","87.62","88.51","2011829","0.45269","0.51102","88.235",
"BAYN.DE","2016-10-04","87.51","88.71","87.29","88.6","2848011","1.09","1.25","88.0275",
"BAYN.DE","2016-09-30","86.04","88.05","84.7","88.01","4458781","1.97","2.29","86.7",
"BAYN.DE","2016-09-29","88.46","88.71","86.41","86.9","1979748","-1.56","-1.76","87.62",
"BAYN.DE","2016-09-28","87.68","88.71","87.4","87.84","1575306","0.15746","0.18248","87.9075",
"BAYN.DE","2016-09-27","88.37","88.41","86.91","87.37","2183401","-1","-1.13","87.765",
"BAYN.DE","2016-09-26","89.61","89.75","87.76","87.78","2606728","-1.83","-2.04","88.725",
"BAYN.DE","2016-09-23","90.79","90.93","89.78","90.03","2103741","-0.7676","-0.8371","90.3825",
"BAYN.DE","2016-09-22","90.26","91.03","90.15","90.75","2827944","0.49205","0.54288","90.5475",
"BAYN.DE","2016-09-21","91.69","91.71","89.86","90.15","2220612","-1.54","-1.68","90.8525",
"BAYN.DE","2016-09-20","90.54","92.22","90.24","90.64","2737201","0.098409","0.11045","90.91",
"BAYN.DE","2016-09-19","89.68","90.15","89.36","90.14","2187880","0.46253","0.51293","89.8325",
"BAYN.DE","2016-09-16","89.42","90.77","89.12","89.34","7085753","-0.078731","-0.08946544","89.6625",
"BAYN.DE","2016-09-15","91.92","92.06","89.38","89.92","4748390","-2","-2.18","90.82",
"BAYN.DE","2016-09-14","92.41","96.16","91.89","92.06","6004326","-0.34444","-0.37875","93.13",
"BAYN.DE","2016-09-13","92.59","92.96","91.68","91.82","1892536","-0.77744","-0.83162","92.2625",
"BAYN.DE","2016-09-12","91.9","92.79","90.96","92.06","2346355","0.1673","0.1741","91.9275",
"BAYN.DE","2016-09-09","94.43","94.52","92.94","93.51","1894941","-0.92506","-0.97427","93.85",
"BAYN.DE","2016-09-08","95.02","95.95","93.69","94.66","1831643","-0.35428","-0.37887","94.83",
"BAYN.DE","2016-09-07","95.26","95.7","93.93","95.41","1776503","0.14761","0.15746","95.075",
"BAYN.DE","2016-09-06","92.33","95.28","92.02","94.4","2924547","2.07","2.24","93.5075",
"BAYN.DE","2016-09-05","94.02","94.17","92.74","92.74","1274901","-1.28","-1.36","93.4175",
"BAYN.DE","2016-09-02","92.94","93.54","92.13","93.42","1704803","0.48221","0.51646","93.0075",
"BAYN.DE","2016-09-01","94.4","94.59","91.97","92.39","2310782","-2.01","-2.13","93.3375",
"BAYN.DE","2016-08-31","95.26","95.45","94.16","94.44","1644793","-0.81681","-0.8608","94.8275",
"BAYN.DE","2016-08-30","95.18","95.94","94.89","95.7","1341415","0.52158","0.54633","95.4275",
"BAYN.DE","2016-08-29","95.03","95.56","94.38","95.13","671595","0.10825","0.10523","95.025",
"BAYN.DE","2016-08-26","94.41","95.51","93.8","95.46","1160702","1.05","1.11","94.795",
"BAYN.DE","2016-08-25","95.95","96.18","93.95","94.51","1323961","-1.44","-1.5","95.1475",
"BAYN.DE","2016-08-24","94.84","95.81","94.69","95.18","1094128","0.34443","0.3585","95.13",
"BAYN.DE","2016-08-23","94.98","95.45","92.89","95.13","1924701","0.15745","0.15793","94.6125",
"BAYN.DE","2016-08-22","94.51","95.88","93.33","94.37","1470712","-0.14762","-0.14813","94.5225",
"BAYN.DE","2016-08-19","95.55","95.55","93.94","94.82","1519021","-0.72824","-0.764","94.965",
"BAYN.DE","2016-08-18","94.87","95.55","94.19","95.26","1221887","0.39364","0.41109","94.9675",
"BAYN.DE","2016-08-17","96.34","96.7","93.44","94.13","2263045","-2.21","-2.29","95.1525",
"BAYN.DE","2016-08-16","96.59","97.44","96.26","96.36","1360807","-0.22635","-0.23812","96.6625",
"BAYN.DE","2016-08-15","96.44","97.4","96.29","97.07","733597","0.62983","0.65326","96.8",
"BAYN.DE","2016-08-12","96.44","97.03","96.08","96.54","1103867","0.098409","0.10369","96.5225",
"BAYN.DE","2016-08-11","96.43","96.77","95.67","96.77","1243182","0.3346","0.35259","96.41",
"BAYN.DE","2016-08-10","97.43","97.7","95.69","95.87","1813793","-1.55","-1.6","96.6725",
"BAYN.DE","2016-08-09","94.47","97.32","94.15","97.25","2103881","2.78","2.94","95.7975",
"BAYN.DE","2016-08-08","94.69","94.82","94.08","94.47","1271090","-0.2165","-0.23234","94.515",
"BAYN.DE","2016-08-05","93","94.39","92.45","94.35","1605079","1.35","1.45","93.5475",
"BAYN.DE","2016-08-04","93.29","93.83","91.78","92.46","1732149","-0.8365","-0.8897","92.84",
"BAYN.DE","2016-08-03","92.68","93.6","92.18","92.87","1621101","0.18698","0.20501","92.8325",
"BAYN.DE","2016-08-02","94.94","95.34","92.54","92.7","1865781","-2.23","-2.36","93.88",
"BAYN.DE","2016-08-01","96.04","96.04","93.81","94.82","1755167","-1.22","-1.27","95.1775",
"BAYN.DE","2016-07-29","93.48","94.97","93.39","94.69","2980210","1.21","1.29","94.1325",
"BAYN.DE","2016-07-28","92.61","94.1","92.35","92.81","2222179","0.19682","0.21596","92.9675",
"BAYN.DE","2016-07-27","92.8","94.41","92.57","93.12","2135732","0.31491","0.34483","93.225",
"BAYN.DE","2016-07-26","91.43","92.12","90.85","92.08","1598653","0.64951","0.71093","91.62",
"BAYN.DE","2016-07-25","90.8","91.9","90.4","91.15","1130455","0.34444","0.38546","91.0625",
"BAYN.DE","2016-07-22","90.61","91.03","89.88","90.61","1216678","0","0","90.5325",
"BAYN.DE","2016-07-21","90.46","90.83","89.4","90.58","1292339","0.1181","0.13266","90.3175",
"BAYN.DE","2016-07-20","90.77","90.94","90.02","90.34","1831882","-0.433","-0.47372","90.5175",
"BAYN.DE","2016-07-19","90.88","91","89.85","90.32","1686770","-0.56094","-0.6162","90.5125",
"BAYN.DE","2016-07-18","92.51","92.98","90.48","91.42","2188862","-1.08","-1.18","91.8475",
"BAYN.DE","2016-07-15","91.55","92.89","91.09","92.4","2658403","0.84633","0.92845","91.9825",
"BAYN.DE","2016-07-14","92.6","93.18","91.57","91.95","2720705","-0.64951","-0.70194","92.325",
"BAYN.DE","2016-07-13","91.62","91.97","90.61","91.45","1892360","-0.1673","-0.18555","91.4125",
"BAYN.DE","2016-07-12","90.94","92.92","90.71","91.65","2098623","0.70855","0.78073","91.555",
"BAYN.DE","2016-07-11","90.54","91.51","89.96","91.27","1922064","0.72824","0.80627","90.82",
"BAYN.DE","2016-07-08","86.91","89.97","86.91","89.48","1985472","2.57","2.96","88.3175",
"BAYN.DE","2016-07-07","87.45","87.99","86.7","87.21","1639693","-0.23618","-0.27444","87.3375",
"BAYN.DE","2016-07-06","87.87","88.67","85.98","86.87","2358746","-1","-1.14","87.3475",
"BAYN.DE","2016-07-05","88.27","89.11","87.96","88.67","1887301","0.39364","0.45316","88.5025",
"BAYN.DE","2016-07-04","89.29","90.01","89.01","89.11","1192307","-0.17714","-0.20159","89.355",
"BAYN.DE","2016-07-01","89.3","89.85","88.54","89.25","1865408","-0.049201","-0.05599104","89.235",
"BAYN.DE","2016-06-30","87.24","88.59","86.23","88.57","2667359","1.33","1.52","87.6575",
"BAYN.DE","2016-06-29","89.05","89.5","87.09","87.69","3372364","-1.36","-1.53","88.3325",
"BAYN.DE","2016-06-28","87.18","88.13","86.98","87.72","3266786","0.54126","0.61941","87.5025",
"BAYN.DE","2016-06-27","85.81","88.52","85.12","85.6","4344134","-0.2165","-0.24473","86.2625",
"BAYN.DE","2016-06-24","83.65","88.68","83.65","86.25","8082540","2.6","3.11","85.5575",
"BAYN.DE","2016-06-23","90.83","93.46","90.55","91.69","2746493","0.85617","0.94682","91.6325",
"BAYN.DE","2016-06-22","91.17","91.33","89.52","90.38","1841927","-0.78729","-0.86651","90.6",
"BAYN.DE","2016-06-21","88.96","91.01","88.75","90.28","2610956","1.32","1.48","89.75",
"BAYN.DE","2016-06-20","88.08","89.45","87.61","88.98","2319377","0.90538","1.02","88.53",
"BAYN.DE","2016-06-17","87","88.04","85.81","86.68","4172701","-0.31491","-0.36782","86.8825",
"BAYN.DE","2016-06-16","85.43","86.82","85.13","86.38","3084438","0.94474","1.11","85.94",
"BAYN.DE","2016-06-15","86.7","87.25","86.38","86.7","2414610","0","0","86.7575",
"BAYN.DE","2016-06-14","85.37","87.26","85.19","85.77","3535363","0.40349","0.46855","85.8975",
"BAYN.DE","2016-06-13","85.59","87.69","85.13","86.66","3267168","1.07","1.25","86.2675",
"BAYN.DE","2016-06-10","88.13","88.2","86.46","86.6","2595930","-1.53","-1.74","87.3475",
"BAYN.DE","2016-06-09","89.75","89.94","88.24","88.8","2689849","-0.95458","-1.06","89.1825",
"BAYN.DE","2016-06-08","90.54","91","89.76","90.18","2253942","-0.35428","-0.39761","90.37",
"BAYN.DE","2016-06-07","88.57","90.84","88.42","90.51","3620564","1.94","2.19","89.585",
"BAYN.DE","2016-06-06","87.74","88.07","87.58","87.76","2130927","0.019678","0.02279462","87.7875",
"BAYN.DE","2016-06-03","86.88","88.6","86.66","87.92","5430181","1.04","1.2","87.515",
"BAYN.DE","2016-06-02","85.08","86.92","84.57","86.74","3282304","1.66","1.95","85.8275",
"BAYN.DE","2016-06-01","84.07","84.99","83.99","84.88","3059428","0.80697","0.96348","84.4825",
"BAYN.DE","2016-05-31","85.52","85.56","83.95","84.27","3632510","-1.25","-1.46","84.825",
"BAYN.DE","2016-05-30","84.5","85.36","84.17","85.07","1878029","0.57078","0.67456","84.775",
"BAYN.DE","2016-05-27","84.29","84.56","83.86","83.97","3631984","-0.31492","-0.37964","84.17",
"BAYN.DE","2016-05-26","85.62","85.76","83.82","84.29","4766400","-1.33","-1.55","84.8725",
"BAYN.DE","2016-05-25","88.27","88.27","84.74","85.76","5735963","-2.51","-2.84","86.76",
"BAYN.DE","2016-05-24","83.31","86.56","82.12","85.76","8396324","2.45","2.94","84.4375",
"BAYN.DE","2016-05-23","85.47","86.52","82.79","83.08","9801585","-2.39","-2.8","84.465",
"BAYN.DE","2016-05-20","88.08","88.45","87.3","88.12","4840502","0.039366","0.04541326","87.9875",
"BAYN.DE","2016-05-19","90.21","90.44","85.53","87.1","12210160","-3.11","-3.45","88.32",
"BAYN.DE","2016-05-18","93.59","94.98","93.54","94.89","2013967","1.3","1.39","94.25",
"BAYN.DE","2016-05-17","95.46","96.15","93.73","94.23","2571216","-1.23","-1.29","94.8925",
"BAYN.DE","2016-05-13","93","94.83","92.34","94.61","3742230","1.61","1.73","93.695",
"BAYN.DE","2016-05-12","97.75","99.99","93.05","93.64","6315718","-4.11","-4.2","96.1075",
"BAYN.DE","2016-05-11","98.46","98.95","97.69","98.41","1535522","-0.049205","-0.05078204","98.3775",
"BAYN.DE","2016-05-10","99.44","100.13","97.84","98.56","1989532","-0.8857","-0.88496","98.9925",
"BAYN.DE","2016-05-09","96.64","99","96.26","98.36","1846614","1.72","1.78","97.565",
"BAYN.DE","2016-05-06","96.1","97.06","95.14","96.22","2292989","0.11809","0.12487","96.13",
"BAYN.DE","2016-05-05","95.84","97.06","95.46","96.61","2274031","0.7676","0.80342","96.2425",
"BAYN.DE","2016-05-04","96.86","97.2","95.08","95.24","2752458","-1.61","-1.67","96.095",
"BAYN.DE","2016-05-03","98.08","98.08","96.46","96.72","2739920","-1.36","-1.39","97.335",
"BAYN.DE","2016-05-02","97.43","98.9","97.4","98.25","2340329","0.82665","0.84163","97.995",
"BAYN.DE","2016-04-29","100.62","101.71","99.1","99.15","4051828","-1.48","-1.46","100.145",
"BAYN.DE","2016-04-28","102.35","102.94","100.67","102.59","2933884","0.24603","0.23449","102.1375",
"BAYN.DE","2016-04-27","105.74","105.94","103.63","103.97","3383716","-1.77","-1.67","104.82",
"BAYN.DE","2016-04-26","109.04","110.22","106.09","106.73","2396142","-2.31","-2.12","108.02",
"BAYN.DE","2016-04-25","108.69","108.99","106.73","107.96","1531792","-0.73808","-0.67163","108.0925",
"BAYN.DE","2016-04-22","108.99","109.38","107.81","108.55","1736625","-0.44285","-0.40371","108.6825",
"BAYN.DE","2016-04-21","107.96","109.09","106.82","108.69","1909908","0.73808","0.67618","108.14",
"BAYN.DE","2016-04-20","107.51","108.15","106.68","107.96","1381847","0.44285","0.41857","107.575",
"BAYN.DE","2016-04-19","105.35","107.91","105.2","107.91","2944279","2.56","2.43","106.5925",
"BAYN.DE","2016-04-18","102.64","105.1","102.54","104.86","1269060","2.21","2.16","103.785",
"BAYN.DE","2016-04-15","103.48","104.41","103.09","104.02","1838968","0.54126","0.52184","103.75",
"BAYN.DE","2016-04-14","103.72","104.12","103.09","104.07","1632980","0.34444","0.33745","103.75",
"BAYN.DE","2016-04-13","102.4","103.72","102.2","103.72","2311768","1.33","1.29","103.01",
"BAYN.DE","2016-04-12","100.58","101.07","99.39","100.92","1412374","0.34444","0.33804","100.49",
"BAYN.DE","2016-04-11","99.89","101.61","99.05","100.43","1445338","0.54126","0.54059","100.245",
"BAYN.DE","2016-04-08","98.56","100.92","98.56","100.13","2086525","1.57","1.59","99.5425",
"BAYN.DE","2016-04-07","99.64","101.22","98.13","98.56","2285622","-1.08","-1.08","99.3875",
"BAYN.DE","2016-04-06","98.61","99.79","98.14","99.64","1670429","1.03","1.04","99.045",
"BAYN.DE","2016-04-05","99.39","99.54","97.91","98.41","2516444","-0.98411","-0.98601","98.8125",
"BAYN.DE","2016-04-04","99.44","101.81","99","101.26","1972999","1.82","1.83","100.3775",
"BAYN.DE","2016-04-01","100.18","100.62","97.52","99.49","2702196","-0.68887","-0.68876","99.4525",
"BAYN.DE","2016-03-31","101.31","102.05","100.92","101.66","1889317","0.34444","0.34547","101.485",
"BAYN.DE","2016-03-30","101.36","102.54","101.36","101.76","1712938","0.39364","0.39463","101.755",
"BAYN.DE","2016-03-29","101.17","101.81","99.59","100.67","1513462","-0.49205","-0.49422","100.81",
"BAYN.DE","2016-03-24","102.45","102.69","100.77","100.87","1741948","-1.57","-1.54","101.695",
"BAYN.DE","2016-03-23","102.35","104.36","102.2","102.54","2723471","0.19682","0.18564","102.8625",
"BAYN.DE","2016-03-22","100.13","102.05","99.35","102.05","2276528","1.92","1.92","100.895",
"BAYN.DE","2016-03-21","100.08","102.94","98.9","100.87","3715885","0.78728","0.78937","100.6975",
"BAYN.DE","2016-03-18","97.04","98.08","96.36","97.68","8296986","0.63967","0.65952","97.29",
"BAYN.DE","2016-03-17","99.2","99.25","95.97","97.31","3182008","-1.89","-1.91","97.9325",
"BAYN.DE","2016-03-16","98.85","99","97.39","98.17","2395956","-0.67903","-0.68791","98.3525",
"BAYN.DE","2016-03-15","98.12","98.56","97.24","98.41","2579558","0.29524","0.29556","98.0825",
"BAYN.DE","2016-03-14","97.62","98.76","97.27","98.66","2533166","1.03","1.07","98.0775",
"BAYN.DE","2016-03-11","95.44","96.56","94.89","96.4","3493432","0.96442","1.01","95.8225",
"BAYN.DE","2016-03-10","96.91","99.1","93.72","94.03","4833629","-2.88","-2.97","95.94",
"BAYN.DE","2016-03-09","96.37","98.17","95.9","96.84","2694852","0.46253","0.4877","96.82",
"BAYN.DE","2016-03-08","95.96","96.55","94.64","96.05","2373031","0.088565","0.09378908","95.8",
"BAYN.DE","2016-03-07","96.83","96.98","95.95","96.69","2039258","-0.13777","-0.14458","96.6125",
"BAYN.DE","2016-03-04","96.11","97.59","95.35","96.92","2471513","0.8168","0.84278","96.4925",
"BAYN.DE","2016-03-03","97.78","97.78","95.6","96.07","2214964","-1.71","-1.75","96.8075",
"BAYN.DE","2016-03-02","97.93","97.95","96.51","97.27","2945905","-0.65936","-0.67395","97.415",
"BAYN.DE","2016-03-01","94.88","96.61","94.61","96.51","2739688","1.63","1.72","95.6525",
"BAYN.DE","2016-02-29","95.62","95.7","93.47","94.9","3308570","-0.7184","-0.75298","94.9225",
"BAYN.DE","2016-02-26","94.59","97.04","94.33","96.28","3777254","1.68","1.79","95.56",
"BAYN.DE","2016-02-25","92.11","94.31","89.63","93.89","5420913","1.78","1.93","92.485",
"BAYN.DE","2016-02-24","95.41","95.49","92.95","93.28","2844094","-2.13","-2.23","94.2825",
"BAYN.DE","2016-02-23","96.59","97.24","95.59","95.66","2536990","-0.93491","-0.96283","96.27",
"BAYN.DE","2016-02-22","96.86","98","96.64","97.4","2267703","0.54126","0.55751","97.225",
"BAYN.DE","2016-02-19","97.87","98","95.65","96.47","2872254","-1.4","-1.43","96.9975",
"BAYN.DE","2016-02-18","96.82","98.19","96","97.39","2554587","0.57078","0.58872","97.1",
"BAYN.DE","2016-02-17","93.79","96.31","93.58","96.14","2469372","2.35","2.51","94.955",
"BAYN.DE","2016-02-16","95.22","95.37","93.12","93.79","2258868","-1.44","-1.5","94.375",
"BAYN.DE","2016-02-15","95.67","95.83","94.47","94.9","2852215","-0.77745","-0.80485","95.2175",
"BAYN.DE","2016-02-12","92.26","93.26","91.54","93.26","3229244","1","1.08","92.58",
"BAYN.DE","2016-02-11","92.12","92.33","90.2","91.34","3792936","-0.77745","-0.84672","91.4975",
"BAYN.DE","2016-02-10","92.61","94.66","92.02","93.34","2967336","0.72824","0.78825","93.1575",
"BAYN.DE","2016-02-09","92.82","94.16","90.88","91.69","3815389","-1.13","-1.22","92.3875",
"BAYN.DE","2016-02-08","95.5","96","92.1","93.01","4792020","-2.49","-2.61","94.1525",
"BAYN.DE","2016-02-05","96.84","96.98","94.22","94.87","3581565","-1.97","-2.03","95.7275",
"BAYN.DE","2016-02-04","98.9","99.05","96.17","96.91","3237288","-2","-2.01","97.7575",
"BAYN.DE","2016-02-03","98.24","98.66","95.67","96.97","3001575","-1.27","-1.29","97.385",
"BAYN.DE","2016-02-02","100.48","100.92","98.08","98.76","2241180","-1.72","-1.71","99.56",
"BAYN.DE","2016-02-01","102.35","102.4","99.74","100.92","1672754","-1.43","-1.4","101.3525",
"BAYN.DE","2016-01-29","102.15","102.3","100.28","101.76","2295250","-0.39364","-0.38179","101.6225",
"BAYN.DE","2016-01-28","103.13","103.33","99.25","100.33","2199453","-2.8","-2.72","101.51",
"BAYN.DE","2016-01-27","103.28","103.72","102.1","103.38","1765265","0.09841","0.09682417","103.12",
"BAYN.DE","2016-01-26","102.15","104.56","101.66","103.68","1818794","1.53","1.5","103.0125",
"BAYN.DE","2016-01-25","104.56","104.96","103.33","104.12","2001243","-0.44285","-0.42081","104.2425",
"BAYN.DE","2016-01-22","103.48","105.25","103.13","103.87","3010437","0.39364","0.37688","103.9325",
"BAYN.DE","2016-01-21","99.79","103.23","99.64","101.56","4156499","1.77","1.77","101.055",
"BAYN.DE","2016-01-20","97.65","99.64","97.07","98.85","4505236","1.2","1.23","98.3025",
"BAYN.DE","2016-01-19","101.86","102.35","100.08","100.87","2378454","-0.98411","-0.97192","101.29",
"BAYN.DE","2016-01-18","98.46","100.48","98.46","99.44","2187312","0.98411","0.99533","99.21",
"BAYN.DE","2016-01-15","101.36","101.9","98.02","99","5368821","-2.36","-2.33","100.07",
"BAYN.DE","2016-01-14","102.05","102.4","98.85","101.22","3847451","-0.83649","-0.81333","101.13",
"BAYN.DE","2016-01-13","103.97","105","102.4","102.69","2030776","-1.28","-1.23","103.515",
"BAYN.DE","2016-01-12","101.07","104.12","100.67","102.54","2469197","1.48","1.45","102.1",
"BAYN.DE","2016-01-11","101.36","103.48","101.17","101.17","3096818","-0.19682","-0.18745","101.795",
"BAYN.DE","2016-01-08","105.2","106.14","102.2","102.25","3251464","-2.95","-2.8","103.9475",
"BAYN.DE","2016-01-07","104.81","105.89","103.63","105.15","3606797","0.34444","0.3244","104.87",
"BAYN.DE","2016-01-06","109.38","109.43","106.14","107.91","2162077","-1.48","-1.34","108.215",
"BAYN.DE","2016-01-05","107.27","109.92","107.07","109.48","2390374","2.21","2.06","108.435",
"BAYN.DE","2016-01-04","111.5","111.5","108.74","109.29","3502547","-2.21","-1.98","110.2575",
"BAYN.DE","2015-12-30","116.12","116.12","113.96","113.96","1128002","-2.17","-1.86","115.04",
"BAYN.DE","2015-12-29","114.16","116.08","114.16","116.03","1297819","1.87","1.64","115.1075",
"BAYN.DE","2015-12-28","114.35","114.6","113.27","113.66","728274","-0.68888","-0.60341","113.97",
"BAYN.DE","2015-12-25","114.25","114.25","114.25","114.25","0","0","0","114.25",
"BAYN.DE","2015-12-23","112.68","114.65","112.09","114.25","1772366","1.57","1.39","113.4175",
"BAYN.DE","2015-12-22","113.47","113.86","111.01","111.6","1437356","-1.87","-1.65","112.485",
"BAYN.DE","2015-12-21","114.06","116.27","112.39","112.39","1897635","-1.67","-1.46","113.7775",
"BAYN.DE","2015-12-18","115.73","116.57","113.02","114.01","7245472","-1.72","-1.49","114.8325",
"BAYN.DE","2015-12-17","114.7","117.16","114.4","116.72","3538406","2.02","1.76","115.745",
"BAYN.DE","2015-12-16","111.2","113.52","111.2","112.19","1818044","0.98411","0.89029","112.0275",
"BAYN.DE","2015-12-15","109.29","112.04","108.99","111.6","2575975","2.31","2.11","110.48",
"BAYN.DE","2015-12-14","110.71","111.25","107.71","108.1","2411785","-2.61","-2.36","109.4425",
"BAYN.DE","2015-12-11","113.02","113.66","110.02","110.32","2762948","-2.71","-2.39","111.755",
"BAYN.DE","2015-12-10","111.99","114.21","111.4","112.88","2271084","0.8857","0.79471","112.62",
"BAYN.DE","2015-12-09","110.27","112.98","108.5","111.79","4139993","1.53","1.38","110.885",
"BAYN.DE","2015-12-08","116.03","116.52","113.66","114.16","2046455","-1.87","-1.61","115.0925",
"BAYN.DE","2015-12-07","115.14","117.95","114.94","116.62","1857877","1.48","1.29","116.1625",
"BAYN.DE","2015-12-04","115.44","115.48","112.83","114.6","3183666","-0.83649","-0.72765","114.5875",
"BAYN.DE","2015-12-03","121.39","123.21","115.48","115.83","4354382","-5.56","-4.58","118.9775",
"BAYN.DE","2015-12-02","122.57","123.7","121.73","121.88","1564933","-0.68887","-0.56294","122.47",
"BAYN.DE","2015-12-01","125.13","125.18","122.32","122.87","1490460","-2.26","-1.81","123.875",
"BAYN.DE","2015-11-30","123.75","125.23","123.31","124.29","2094477","0.54126","0.43636","124.145",
"BAYN.DE","2015-11-27","123.85","124.78","123.6","123.8","1324052","-0.049205","-0.04037142","124.0075",
"BAYN.DE","2015-11-26","122.77","124.98","122.57","124.83","1215652","2.07","1.68","123.7875",
"BAYN.DE","2015-11-25","121.05","123.06","120.65","122.67","1742985","1.62","1.34","121.8575",
"BAYN.DE","2015-11-24","122.42","122.52","119.72","120.95","1711845","-1.48","-1.2","121.4025",
"BAYN.DE","2015-11-23","124.49","124.49","123.31","123.36","1335583","-1.13","-0.9077","123.9125",
"BAYN.DE","2015-11-20","124.15","124.69","123.06","124.19","1976146","0.049205","0.03221909","124.0225",
"BAYN.DE","2015-11-19","123.41","125.08","123.21","123.8","1740711","0.39364","0.31602","123.875",
"BAYN.DE","2015-11-18","121.73","122.47","120.75","122.18","1343826","0.44285","0.36967","121.7825",
"BAYN.DE","2015-11-17","119.57","122.87","119.22","122.87","1969799","3.3","2.76","121.1325",
"BAYN.DE","2015-11-16","116.76","119.32","116.52","118.44","1170626","1.67","1.44","117.76",
"BAYN.DE","2015-11-13","118.68","119.27","116.81","117.8","1691602","-0.8857","-0.74149","118.14",
"BAYN.DE","2015-11-12","120.16","120.75","117.95","118.49","1429605","-1.67","-1.39","119.3375",
"BAYN.DE","2015-11-11","119.52","121.73","119.52","120.6","1268823","1.08","0.90361","120.3425",
"BAYN.DE","2015-11-10","119.52","120.26","118.49","119.08","1590204","-0.44285","-0.36814","119.3375",
"BAYN.DE","2015-11-09","121.54","121.83","118.68","118.83","1545709","-2.71","-2.23","120.22",
"BAYN.DE","2015-11-06","120.65","122.42","119.52","121.49","1639298","0.83649","0.69623","121.02",
"BAYN.DE","2015-11-05","120.5","121.39","119.42","120.45","1632298","-0.049205","-0.04149378","120.44",
"BAYN.DE","2015-11-04","121.29","121.98","119.32","119.47","1658746","-1.82","-1.5","120.515",
"BAYN.DE","2015-11-03","120.55","121.09","120.16","120.5","1450444","-0.049206","-0.04147657","120.575",
"BAYN.DE","2015-11-02","117.55","120.9","117.4","120.65","1714970","3.1","2.64","119.125",
"BAYN.DE","2015-10-30","118.73","119.42","117.65","119.42","2114154","0.68887","0.58115","118.805",
"BAYN.DE","2015-10-29","119.03","119.32","117.8","119.13","2479214","0.09841","0.08401243","118.82",
"BAYN.DE","2015-10-28","114.85","117.4","114.6","116.72","1970182","1.87","1.63","115.8925",
"BAYN.DE","2015-10-27","113.96","114.99","113.42","114.21","1547361","0.24603","0.21938","114.145",
"BAYN.DE","2015-10-26","114.8","115.68","114.06","114.5","1757543","-0.29523","-0.26132","114.76",
"BAYN.DE","2015-10-23","111.3","115.44","110.56","114.55","3513844","3.25","2.92","112.9625",
"BAYN.DE","2015-10-22","107.96","110.32","107.46","109.88","2225431","1.92","1.78","108.905",
"BAYN.DE","2015-10-21","108.45","108.89","106.97","108.05","1845075","-0.39364","-0.36883","108.09",
"BAYN.DE","2015-10-20","108.94","109.53","108.1","108.4","1468913","-0.54126","-0.49569","108.7425",
"BAYN.DE","2015-10-19","107.81","109.53","107.76","109.04","1531725","1.23","1.14","108.535",
"BAYN.DE","2015-10-16","108.25","108.99","107.51","108.2","2680814","-0.049205","-0.04618938","108.2375",
"BAYN.DE","2015-10-15","106.73","107.96","105.5","107.32","2450272","0.59046","0.5528","106.8775",
"BAYN.DE","2015-10-14","107.07","107.46","105.89","106.28","2050323","-0.78729","-0.73784","106.675",
"BAYN.DE","2015-10-13","108.5","108.69","106.87","107.76","1853825","-0.73808","-0.68203","107.955",
"BAYN.DE","2015-10-12","109.83","110.02","107.91","109.38","1722567","-0.44285","-0.40972","109.285",
"BAYN.DE","2015-10-09","111.45","111.65","108.79","109.58","2724733","-1.87","-1.68","110.3675",
"BAYN.DE","2015-10-08","111.79","112.48","110.12","110.22","2651139","-1.57","-1.4","111.1525",
"BAYN.DE","2015-10-07","114.35","114.5","111.7","112.24","2551974","-2.12","-1.85","113.1975",
"BAYN.DE","2015-10-06","114.35","115.24","112.09","114.3","2130667","-0.049205","-0.0437254","113.995",
"BAYN.DE","2015-10-05","113.37","115.39","112.83","114.45","2079041","1.08","0.95263","114.01",
"BAYN.DE","2015-10-02","112.39","112.58","109.14","111.35","2144368","-1.03","-0.92535","111.365",
"BAYN.DE","2015-10-01","113.81","113.81","110.47","110.86","2243379","-2.95","-2.59","112.2375",
"BAYN.DE","2015-09-30","113.07","113.96","112.39","112.63","2183737","-0.44285","-0.38914","113.0125",
"BAYN.DE","2015-09-29","110.22","111.4","109.04","110.76","2510772","0.54126","0.48993","110.355",
"BAYN.DE","2015-09-28","114.75","115.44","111.5","111.79","2066118","-2.95","-2.58","113.37",
"BAYN.DE","2015-09-25","113.22","116.03","112.78","114.8","2327202","1.57","1.4","114.2075",
"BAYN.DE","2015-09-24","112.63","113.22","110.27","111.3","2849182","-1.33","-1.18","111.855",
"BAYN.DE","2015-09-23","112.24","114.65","112.24","112.78","2321513","0.54126","0.48111","112.9775",
"BAYN.DE","2015-09-22","115.68","116.17","112.19","112.39","3525839","-3.3","-2.84","114.1075",
"BAYN.DE","2015-09-21","114.21","117.4","114.11","116.27","2318626","2.07","1.8","115.4975",
"BAYN.DE","2015-09-18","116.32","116.57","113.02","113.22","7729594","-3.1","-2.67","114.7825",
"BAYN.DE","2015-09-17","118.83","118.93","117.01","117.11","1851061","-1.72","-1.45","117.97",
"BAYN.DE","2015-09-16","118.88","119.22","117.45","118.19","1855387","-0.68888","-0.58042","118.435",
"BAYN.DE","2015-09-15","117.75","118.54","116.32","117.65","1620359","-0.098411","-0.08492569","117.565",
"BAYN.DE","2015-09-14","117.01","119.03","116.96","116.96","2078172","-0.049205","-0.04273139","117.49",
"BAYN.DE","2015-09-11","118.14","118.14","116.17","117.01","1612881","-1.13","-0.95649","117.365",
"BAYN.DE","2015-09-10","117.7","119.32","117.06","117.7","1817757","0","0","117.945",
"BAYN.DE","2015-09-09","121.83","122.28","118.78","118.78","2168723","-3.05","-2.5","120.4175",
"BAYN.DE","2015-09-08","118.98","120.85","118.44","119.08","1695810","0.098411","0.08404774","119.3375",
"BAYN.DE","2015-09-07","117.8","118.68","117.01","117.6","1255198","-0.19682","-0.16978","117.7725",
"BAYN.DE","2015-09-04","119.08","119.08","114.99","115.83","2585598","-3.25","-2.73","117.245",
"BAYN.DE","2015-09-03","117.99","121.73","117.65","120.7","2706559","2.71","2.3","119.5175",
"BAYN.DE","2015-09-02","115.63","117.26","114.7","116.47","1785433","0.83649","0.72646","116.015",
"BAYN.DE","2015-09-01","116.32","116.81","113.71","115.19","2679214","-1.13","-0.97146","115.5075",
"BAYN.DE","2015-08-31","118.04","119.86","117.85","119.03","1582631","0.98411","0.8387","118.695",
"BAYN.DE","2015-08-28","120.55","120.7","117.75","119.57","2039319","-0.98411","-0.81294","119.6425",
"BAYN.DE","2015-08-27","119.72","120.75","118.73","120.16","2940786","0.44285","0.36752","119.84",
"BAYN.DE","2015-08-26","115.14","117.01","113.37","115.04","3110166","-0.098411","-0.08685079","115.14",
"BAYN.DE","2015-08-25","112.48","117.7","112.19","117.06","4894559","4.58","4.07","114.8575",
"BAYN.DE","2015-08-24","111.7","114.99","105.1","110.56","8162956","-1.13","-1.02","110.5875",
"BAYN.DE","2015-08-21","118.44","120.85","116.37","116.37","4850799","-2.07","-1.75","118.0075",
"BAYN.DE","2015-08-20","122.72","124.24","120.5","120.85","2678358","-1.87","-1.52","122.0775",
"BAYN.DE","2015-08-19","125.92","126.31","123.6","123.6","1820426","-2.31","-1.84","124.8575",
"BAYN.DE","2015-08-18","126.36","127.84","126.36","127.2","1224556","0.8365","0.66477","126.94",
"BAYN.DE","2015-08-17","127.74","129.11","124.49","126.7","1779678","-1.03","-0.81415","127.01",
"BAYN.DE","2015-08-14","127.44","128.57","125.77","126.9","1414757","-0.54126","-0.42373","127.17",
"BAYN.DE","2015-08-13","128.28","128.97","126.8","127.44","2002736","-0.8365","-0.65482","127.8725",
"BAYN.DE","2015-08-12","127.93","128.43","125.13","125.18","2905877","-2.76","-2.15","126.6675",
"BAYN.DE","2015-08-11","132.56","132.85","129.02","129.26","1816778","-3.3","-2.49","130.9225",
"BAYN.DE","2015-08-10","132.61","133.25","131.18","132.51","1713406","-0.09842","-0.07540909","132.3875",
"BAYN.DE","2015-08-07","134.43","134.53","132.36","132.51","1238108","-1.92","-1.43","133.4575",
"BAYN.DE","2015-08-06","134.92","135.61","134.53","134.58","1000460","-0.34445","-0.252","134.91",
"BAYN.DE","2015-08-05","133.49","135.56","133.25","135.17","1917701","1.67","1.26","134.3675",
"BAYN.DE","2015-08-04","133.1","133.35","132.31","132.71","1918042","-0.39363","-0.29301","132.8675",
"BAYN.DE","2015-08-03","131.28","133.1","131.13","133.1","2518469","1.82","1.39","132.1525",
"BAYN.DE","2015-07-31","131.97","132.17","129.66","132.17","2052277","0.19681","0.15155","131.4925",
"BAYN.DE","2015-07-30","133.05","133.84","129.85","131.62","1940784","-1.43","-1.07","132.09",
"BAYN.DE","2015-07-29","130.89","134.77","130.39","132.85","3330925","1.97","1.5","132.225",
"BAYN.DE","2015-07-28","125.57","128.43","125.33","127.84","2036073","2.26","1.81","126.7925",
"BAYN.DE","2015-07-27","128.43","128.82","125.33","125.33","2200805","-3.1","-2.41","126.9775",
"BAYN.DE","2015-07-24","129.71","131.33","128.92","128.92","1506632","-0.78729","-0.60905","129.72",
"BAYN.DE","2015-07-23","131.43","131.43","129.31","129.9","1573749","-1.53","-1.16","130.5175",
"BAYN.DE","2015-07-22","130","131.72","129.9","130.64","1394727","0.63966","0.49231","130.565",
"BAYN.DE","2015-07-21","134.13","134.82","130.49","130.69","1846168","-3.44","-2.56","132.5325",
"BAYN.DE","2015-07-20","132.41","135.41","131.82","134.04","1865500","1.62","1.23","133.42",
"BAYN.DE","2015-07-17","135.56","135.56","134.23","134.77","1624503","-0.78729","-0.58277","135.03",
"BAYN.DE","2015-07-16","134.92","135.81","134.43","135.07","2399234","0.14761","0.11118","135.0575",
"BAYN.DE","2015-07-15","135.31","135.46","133.89","133.89","2247570","-1.43","-1.05","134.6375",
"BAYN.DE","2015-07-14","133.25","135.17","132.66","135.17","1909075","1.92","1.44","134.0625",
"BAYN.DE","2015-07-13","133.25","134.18","131.82","133.89","2759668","0.63968","0.4803","133.285",
"BAYN.DE","2015-07-10","128.92","130.84","127.44","130.64","3071267","1.72","1.33","129.46",
"BAYN.DE","2015-07-09","122.96","126.01","122.37","125.28","2380843","2.31","1.89","124.155",
"BAYN.DE","2015-07-08","120.41","122.96","120.21","121.98","3336376","1.57","1.3","121.39",
"BAYN.DE","2015-07-07","121.49","122.18","119.13","119.57","3046454","-1.92","-1.58","120.5925",
"BAYN.DE","2015-07-06","120.75","122.82","120.36","121.24","2848080","0.49205","0.4058","121.2925",
"BAYN.DE","2015-07-03","124.59","125.03","123.46","123.85","1459449","-0.73808","-0.59395","124.2325",
"BAYN.DE","2015-07-02","127.44","127.59","124.19","124.88","1849819","-2.56","-2.01","126.025",
"BAYN.DE","2015-07-01","124.88","128.57","124.44","126.36","3027955","1.48","1.19","126.0625",
"BAYN.DE","2015-06-30","125.33","126.31","123.01","123.55","3607017","-1.77","-1.42","124.55",
"BAYN.DE","2015-06-29","124.83","128.28","124.1","125.52","3768536","0.68887","0.55275","125.6825",
"BAYN.DE","2015-06-26","129.8","131.77","129.51","130.84","2193752","1.03","0.80123","130.48",
"BAYN.DE","2015-06-25","130.59","133.49","129.66","131.28","1764646","0.68886","0.52837","131.255",
"BAYN.DE","2015-06-24","132.46","132.85","129.36","131.77","2246511","-0.6889","-0.52091","131.61",
"BAYN.DE","2015-06-23","132.66","133.4","131.28","132.56","2501632","-0.098411","-0.07538067","132.475",
"BAYN.DE","2015-06-22","128.97","131.48","128.08","131.48","3450744","2.51","1.95","130.0025",
"BAYN.DE","2015-06-19","127.1","128.03","124.49","125.67","8102371","-1.43","-1.13","126.3225",
"BAYN.DE","2015-06-18","122.96","126.46","121.78","126.01","2401931","3.05","2.48","124.3025",
"BAYN.DE","2015-06-17","124.98","125.18","122.82","123.21","1531585","-1.77","-1.42","124.0475",
"BAYN.DE","2015-06-16","121.54","124.88","120.06","124.49","2326702","2.95","2.43","122.7425",
"BAYN.DE","2015-06-15","123.06","123.6","121.93","122.08","1980229","-0.98411","-0.79636","122.6675",
"BAYN.DE","2015-06-12","127.2","127.44","123.41","125.33","2173449","-1.87","-1.47","125.845",
"BAYN.DE","2015-06-11","127.25","129.66","126.56","127.74","2332666","0.49205","0.38507","127.8025",
"BAYN.DE","2015-06-10","122.42","127.84","122.28","127.64","3144250","5.22","4.26","125.045",
"BAYN.DE","2015-06-09","121.88","122.96","121.09","122.28","2354154","0.39364","0.32819","122.0525",
"BAYN.DE","2015-06-08","123.51","123.95","121.98","122.03","1787413","-1.48","-1.2","122.8675",
"BAYN.DE","2015-06-05","125.42","126.26","123.65","124.29","2035454","-1.13","-0.90097","124.905",
"BAYN.DE","2015-06-04","127.15","128.13","124.15","126.8","1737004","-0.34443","-0.27527","126.5575",
"BAYN.DE","2015-06-03","127.39","129.56","126.16","127.44","1977944","0.049205","0.03924955","127.6375",
"BAYN.DE","2015-06-02","128.23","128.72","125.38","126.7","1900651","-1.53","-1.19","127.2575",
"BAYN.DE","2015-06-01","127.93","129.11","126.11","128.23","1935422","0.29523","0.2345","127.845",
"BAYN.DE","2015-05-29","131.23","131.72","127.1","127.1","2977695","-4.13","-3.15","129.2875",
"BAYN.DE","2015-05-28","132.46","133.2","130.34","131.28","2103447","-1.18","-0.89083","131.82",
"BAYN.DE","2015-05-27","132.41","134.72","131.92","134.72","2847276","2.31","1.74","133.4425",
"BAYN.DE","2015-05-26","135.02","136.3","131.82","132.31","2546204","-2.71","-2.01","133.8625",
"BAYN.DE","2015-05-22","135.22","135.71","134.43","134.92","1624281","-0.29521","-0.22186","135.07",
"BAYN.DE","2015-05-21","134.23","135.81","133.59","135.56","1416860","1.33","0.99084","134.7975",
"BAYN.DE","2015-05-20","135.66","135.71","133.44","135.07","1644641","-0.59047","-0.43491","134.97",
"BAYN.DE","2015-05-19","132.85","135.51","132.66","135.31","2164790","2.46","1.85","134.0825",
"BAYN.DE","2015-05-18","128.67","131.77","127.98","131.77","2002739","3.1","2.41","130.0475",
"BAYN.DE","2015-05-15","129.71","131.03","127.79","128.38","4557955","-1.33","-1.03","129.2275",
"BAYN.DE","2015-05-14","125.92","129.21","124.74","128.92","1763455","3","2.38","127.1975",
"BAYN.DE","2015-05-13","129.02","129.66","125.82","126.8","2575245","-2.21","-1.72","127.825",
"BAYN.DE","2015-05-12","128.62","129.16","126.61","128.43","2077041","-0.19682","-0.14772","128.205",
"BAYN.DE","2015-05-11","130.89","130.89","128.57","130.3","1739504","-0.59047","-0.45076","130.1625",
"BAYN.DE","2015-05-08","127.93","130.64","126.8","130.64","3196876","2.71","2.12","129.0025",
"BAYN.DE","2015-05-07","124.49","126.01","122.13","125.38","3014845","0.8857","0.71492","124.5025",
"BAYN.DE","2015-05-06","124.44","126.65","123.11","124.93","2446500","0.49205","0.39376","124.7825",
"BAYN.DE","2015-05-05","127.44","129.71","124.34","124.44","2944420","-3","-2.35","126.4825",
"BAYN.DE","2015-05-04","128.52","129.16","125.72","128.03","2072663","-0.49205","-0.38126","127.8575",
"BAYN.DE","2015-04-30","126.95","130.1","125.08","127.84","3105672","0.88569","0.70106","127.4925",
"BAYN.DE","2015-04-29","131.77","133.59","124.49","126.95","3746019","-4.82","-3.66","129.2",
"BAYN.DE","2015-04-28","135.46","135.66","130.79","132.26","1916251","-3.2","-2.36","133.5425",
"BAYN.DE","2015-04-27","133.74","136.2","131.87","136.15","2222132","2.41","1.8","134.49",
"BAYN.DE","2015-04-24","132.51","133.69","131.97","133.15","1925740","0.63968","0.48298","132.83",
"BAYN.DE","2015-04-23","134.04","134.53","131.38","132.02","2415257","-2.02","-1.51","132.9925",
"BAYN.DE","2015-04-22","135.76","136.64","133.3","134.28","1608147","-1.48","-1.09","134.995",
"BAYN.DE","2015-04-21","135.22","136.99","134.77","135.61","1844677","0.39365","0.28842","135.6475",
"BAYN.DE","2015-04-20","132.07","134.87","131.58","134.63","2197912","2.56","1.94","133.2875",
"BAYN.DE","2015-04-17","134.82","136.4","131.28","131.38","4407026","-3.44","-2.55","133.47",
"BAYN.DE","2015-04-16","140.19","140.24","136.59","136.74","2140561","-3.44","-2.46","138.44",
"BAYN.DE","2015-04-15","140.87","141.56","140.24","140.58","1721780","-0.29521","-0.20586","140.8125",
"BAYN.DE","2015-04-14","142.6","142.84","140.33","140.92","1675484","-1.67","-1.18","141.6725",
"BAYN.DE","2015-04-13","143.97","144.12","142.79","142.89","1550637","-1.08","-0.75016","143.4425",
"BAYN.DE","2015-04-10","140.63","143.88","140.38","143.88","2334924","3.25","2.31","142.1925",
"BAYN.DE","2015-04-09","138.56","139.6","137.97","139.5","1189425","0.9349","0.67841","138.9075",
"BAYN.DE","2015-04-08","138.37","138.71","137.33","137.68","1304680","-0.6889","-0.49866","138.0225",
"BAYN.DE","2015-04-07","138.22","139.25","137.23","138.96","2298524","0.73808","0.53538","138.415",
"BAYN.DE","2015-04-02","137.92","138.32","136.45","136.59","1588399","-1.33","-0.96433","137.32",
"BAYN.DE","2015-04-01","136.99","140.78","136.84","138.07","2278875","1.08","0.78838","138.17",
"BAYN.DE","2015-03-31","138.96","140.48","137.73","137.73","2180988","-1.23","-0.88515","138.725",
"BAYN.DE","2015-03-30","137.68","140.43","137.33","140.09","1818664","2.41","1.75","138.8825",
"BAYN.DE","2015-03-27","137.68","138.07","135.71","136.94","1911290","-0.73808","-0.53748","137.1",
"BAYN.DE","2015-03-26","133.99","136.89","132.07","136.59","3208284","2.61","1.94","134.885",
"BAYN.DE","2015-03-25","140.24","140.63","137.92","138.12","1753824","-2.12","-1.51","139.2275",
"BAYN.DE","2015-03-24","138.12","140.78","137.77","140.28","1714573","2.17","1.56","139.2375",
"BAYN.DE","2015-03-23","140.83","141.17","138.22","138.91","1850126","-1.92","-1.36","139.7825",
"BAYN.DE","2015-03-20","140.43","142.89","140.38","141.66","5404181","1.23","0.87588","141.34",
"BAYN.DE","2015-03-19","139.89","141.76","138.71","140.14","2528954","0.24603","0.17871","140.125",
"BAYN.DE","2015-03-18","140.28","141.81","139.4","140.43","2165246","0.14762","0.10693","140.48",
"BAYN.DE","2015-03-17","142.99","142.99","138.91","140.33","2380880","-2.66","-1.86","141.305",
"BAYN.DE","2015-03-16","139.94","143.53","139.35","142.94","2525614","3","2.14","141.44",
"BAYN.DE","2015-03-13","138.86","139.45","136.94","139.45","1881665","0.59045","0.42489","138.675",
"BAYN.DE","2015-03-12","138.86","139.25","137.68","138.02","1815227","-0.8365","-0.60493","138.4525",
"BAYN.DE","2015-03-11","133.99","139.15","133.89","138.86","2436500","4.87","3.63","136.4725",
"BAYN.DE","2015-03-10","134.28","134.58","131.92","133.99","1848336","-0.29524","-0.21597","133.6925",
"BAYN.DE","2015-03-09","131.48","134.33","130.59","133.89","1743822","2.41","1.83","132.5725",
"BAYN.DE","2015-03-06","130.89","132.36","130.44","131.53","1702717","0.63966","0.48896","131.305",
"BAYN.DE","2015-03-05","130.54","131.72","129.51","131.23","1900957","0.68889","0.52857","130.75",
"BAYN.DE","2015-03-04","129.66","130.39","127.79","130.39","1702405","0.73808","0.56301","129.5575",
"BAYN.DE","2015-03-03","129.8","131.28","129.36","129.36","2152493","-0.44284","-0.33898","129.95",
"BAYN.DE","2015-03-02","130.15","130.74","129.16","129.8","1549511","-0.34445","-0.26892","129.9625",
"BAYN.DE","2015-02-27","130.39","131.03","128.97","129.95","2524830","-0.44285","-0.33745","130.085",
"BAYN.DE","2015-02-26","126.75","130.69","125.28","129.9","3047586","3.15","2.49","128.155",
"BAYN.DE","2015-02-25","125.97","126.36","124.64","125.28","1742230","-0.68887","-0.54775","125.5625",
"BAYN.DE","2015-02-24","124.29","126.31","123.8","125.97","1676213","1.67","1.35","125.0925",
"BAYN.DE","2015-02-23","124.19","124.93","123.8","124.29","1677779","0.098411","0.08052178","124.3025",
"BAYN.DE","2015-02-20","122.82","123.9","121.59","122.52","4015728","-0.29523","-0.24426","122.7075",
"BAYN.DE","2015-02-19","122.62","124.24","122.03","122.82","1993037","0.19682","0.16311","122.9275",
"BAYN.DE","2015-02-18","124","124.05","122.57","123.06","1774311","-0.9349","-0.75806","123.42",
"BAYN.DE","2015-02-17","123.01","123.85","122.13","123.65","1649181","0.63967","0.52028","123.16",
"BAYN.DE","2015-02-16","124.54","124.74","123.11","123.41","985912","-1.13","-0.90734","123.95",
"BAYN.DE","2015-02-13","124.39","125.87","123.9","124.44","1970858","0.049205","0.04019616","124.65",
"BAYN.DE","2015-02-12","122.42","124.24","121.93","123.95","2316556","1.53","1.25","123.135",
"BAYN.DE","2015-02-11","122.18","122.77","120.7","121.64","1702709","-0.54126","-0.44197","121.8225",
"BAYN.DE","2015-02-10","120.11","122.47","119.18","121.78","2217846","1.67","1.39","120.885",
"BAYN.DE","2015-02-09","122.13","122.57","118.78","119.67","3140785","-2.46","-2.01","120.7875",
"BAYN.DE","2015-02-06","125.03","125.28","121.93","123.26","2513928","-1.77","-1.42","123.875",
"BAYN.DE","2015-02-05","126.61","127.25","124.44","125.77","2079179","-0.83648","-0.66345","126.0175",
"BAYN.DE","2015-02-04","127.69","128.23","125.77","127.64","2029863","-0.049205","-0.03915733","127.3325",
"BAYN.DE","2015-02-03","127.39","129.61","126.85","127.59","2607110","0.19681","0.157","127.86",
"BAYN.DE","2015-02-02","126.01","127.2","124.83","127","2168746","0.98411","0.78565","126.26",
"BAYN.DE","2015-01-30","127.34","127.74","124.83","126.01","2742136","-1.33","-1.04","126.48",
"BAYN.DE","2015-01-29","125.97","127.2","125.57","126.7","1770077","0.73808","0.5795","126.36",
"BAYN.DE","2015-01-28","127.25","127.84","124.74","127.15","2288718","-0.098411","-0.07858546","126.745",
"BAYN.DE","2015-01-27","128.77","128.82","124.88","125.57","2442309","-3.2","-2.49","127.01",
"BAYN.DE","2015-01-26","125.13","127.49","125.08","127.39","2199666","2.26","1.81","126.2725",
"BAYN.DE","2015-01-23","122.13","127.49","121.44","126.06","4161330","3.94","3.22","124.28",
"BAYN.DE","2015-01-22","120.95","121.73","118.93","121.14","3292367","0.19682","0.15709","120.6875",
"BAYN.DE","2015-01-21","121.68","121.93","118.88","121.24","2615852","-0.44285","-0.3616","120.9325",
"BAYN.DE","2015-01-20","122.72","123.26","120.9","121.83","2240577","-0.8857","-0.72523","122.1775",
"BAYN.DE","2015-01-19","122.67","122.77","120.26","122.03","2033369","-0.63967","-0.52172","121.9325",
"BAYN.DE","2015-01-16","117.6","122.47","116.67","121.73","3644341","4.13","3.51","119.6175",
"BAYN.DE","2015-01-15","117.16","119.03","112.43","118.58","3980026","1.43","1.21","116.8",
"BAYN.DE","2015-01-14","114.65","117.99","114.5","114.99","2712170","0.34444","0.29655","115.5325",
"BAYN.DE","2015-01-13","112.73","117.7","112.58","116.52","2622133","3.79","3.36","114.8825",
"BAYN.DE","2015-01-12","111.7","114.25","111.55","113.47","1826130","1.77","1.58","112.7425",
"BAYN.DE","2015-01-09","114.6","114.6","110.86","111.35","2678631","-3.25","-2.84","112.8525",
"BAYN.DE","2015-01-08","110.47","115.04","110.37","114.6","3105598","4.13","3.74","112.62",
"BAYN.DE","2015-01-07","108.99","110.22","108.2","108.69","1939935","-0.29523","-0.27525","109.025",
"BAYN.DE","2015-01-06","108.05","111.11","106.63","108.69","2576816","0.63967","0.59232","108.62",
"BAYN.DE","2015-01-05","111.06","111.99","107.46","107.46","3012913","-3.59","-3.24","109.4925",
"BAYN.DE","2015-01-02","112.24","113.57","110.37","111.2","1904565","-1.03","-0.92659","111.845",
"BAYN.DE","2014-12-30","113.02","113.42","111.2","111.2","942808","-1.82","-1.61","112.21",
"BAYN.DE","2014-12-29","113.62","113.76","111.75","113.22","1136792","-0.39364","-0.35205","113.0875",
"BAYN.DE","2014-12-23","114.25","114.65","112.58","113.37","1472521","-0.8857","-0.77024","113.7125",
"BAYN.DE","2014-12-22","112.53","114.75","112.48","113.57","1871407","1.03","0.9242","113.3325",
"BAYN.DE","2014-12-19","114.65","114.65","110.66","112.19","5364962","-2.46","-2.15","113.0375",
"BAYN.DE","2014-12-18","112.53","113.57","112.04","113.17","3590002","0.63967","0.56874","112.8275",
"BAYN.DE","2014-12-17","109.19","110.91","108.4","110.32","2595096","1.13","1.03","109.705",
"BAYN.DE","2014-12-16","108.15","110.76","105.74","110.52","4739928","2.36","2.19","108.7925",
"BAYN.DE","2014-12-15","110.96","112.19","107.37","107.37","3000977","-3.59","-3.24","109.4725",
"BAYN.DE","2014-12-12","113.27","113.71","111.01","111.01","2643841","-2.26","-2","112.25",
"BAYN.DE","2014-12-11","113.66","115.14","112.14","113.96","3230863","0.29523","0.26395","113.725",
"BAYN.DE","2014-12-10","114.65","114.8","113.66","113.81","2381198","-0.83649","-0.73266","114.23",
"BAYN.DE","2014-12-09","116.17","116.52","112.34","112.78","3518860","-3.4","-2.92","114.4525",
"BAYN.DE","2014-12-08","118.88","118.98","116.86","117.31","1706166","-1.57","-1.32","118.0075",
"BAYN.DE","2014-12-05","116.32","119.08","116.22","119.03","2195089","2.71","2.33","117.6625",
"BAYN.DE","2014-12-04","118.04","118.44","114.85","115.09","2623703","-2.95","-2.5","116.605",
"BAYN.DE","2014-12-03","117.9","118.49","116.96","117.11","1934404","-0.78729","-0.67006","117.615",
"BAYN.DE","2014-12-02","118.78","119.47","116.47","116.81","2098981","-1.97","-1.66","117.8825",
"BAYN.DE","2014-12-01","117.8","118.93","117.5","118.49","1399160","0.68888","0.58574","118.18",
"BAYN.DE","2014-11-28","118.88","119.18","117.5","119.03","1977967","0.14762","0.12618","118.6475",
"BAYN.DE","2014-11-27","116.47","118.58","116.22","118.44","1601148","1.97","1.69","117.4275",
"BAYN.DE","2014-11-26","115.93","116.12","114.89","116.03","1795382","0.09841","0.08625895","115.7425",
"BAYN.DE","2014-11-25","115.73","117.31","115.44","115.93","2068937","0.19682","0.17282","116.1025",
"BAYN.DE","2014-11-24","115.53","116.96","115.04","115.58","2457510","0.049205","0.0432788","115.7775",
"BAYN.DE","2014-11-21","112.58","116.12","111.7","116.12","4732229","3.54","3.14","114.13",
"BAYN.DE","2014-11-20","111.99","112.29","110.71","112.29","1553057","0.29523","0.26788","111.82",
"BAYN.DE","2014-11-19","111.84","112.83","111.4","112.09","1709668","0.24603","0.22353","112.04",
"BAYN.DE","2014-11-18","109.48","111.7","109.24","111.55","1710345","2.07","1.89","110.4925",
"BAYN.DE","2014-11-17","106.92","109.53","106.87","109.19","1585712","2.26","2.12","108.1275",
"BAYN.DE","2014-11-14","109.33","110.12","107.51","108.15","1372768","-1.18","-1.08","108.7775",
"BAYN.DE","2014-11-13","108.84","109.73","107.96","108.89","1606902","0.049206","0.04593899","108.855",
"BAYN.DE","2014-11-12","109.73","110.27","107.66","107.76","1966489","-1.97","-1.8","108.855",
"BAYN.DE","2014-11-11","110.56","111.2","109.63","110.27","1536954","-0.29523","-0.2623","110.415",
"BAYN.DE","2014-11-10","110.02","110.91","109.04","110.47","1698896","0.44285","0.40902","110.11",
"BAYN.DE","2014-11-07","112.68","112.68","109.24","110.07","2442939","-2.61","-2.32","111.1675",
"BAYN.DE","2014-11-06","111.45","112.93","110.07","112.68","2770736","1.23","1.1","111.7825",
"BAYN.DE","2014-11-05","110.86","112.19","110.76","111.99","1942808","1.13","1.02","111.45",
"BAYN.DE","2014-11-04","110.66","111.7","109.78","109.78","2145693","-0.8857","-0.79523","110.48",
"BAYN.DE","2014-11-03","111.5","111.84","109.88","110.52","1603928","-0.98411","-0.87892","110.935",
"BAYN.DE","2014-10-31","111.11","111.99","110.22","111.65","3356022","0.54126","0.486","111.2425",
"BAYN.DE","2014-10-30","109.43","109.48","104.56","108.2","3047643","-1.23","-1.12","107.9175",
"BAYN.DE","2014-10-29","106.28","106.97","105.05","105.35","1812635","-0.9349","-0.87505","105.9125",
"BAYN.DE","2014-10-28","104.12","105.79","104.07","105.74","1711444","1.62","1.56","104.93",
"BAYN.DE","2014-10-27","105.05","105.25","103.28","103.33","1617234","-1.72","-1.64","104.2275",
"BAYN.DE","2014-10-24","104.51","104.96","103.82","104.07","1669513","-0.44285","-0.42101","104.34",
"BAYN.DE","2014-10-23","102.54","105.25","102.15","105.2","1865563","2.66","2.59","103.785",
"BAYN.DE","2014-10-22","102.54","103.63","101.71","103.58","1773438","1.03","1.01","102.865",
"BAYN.DE","2014-10-21","100.38","102.59","99.59","102.54","2361383","2.17","2.15","101.275",
"BAYN.DE","2014-10-20","102.59","102.59","100.13","100.87","2177933","-1.72","-1.68","101.545",
"BAYN.DE","2014-10-17","100.67","103.18","98.9","103.18","5595516","2.51","2.49","101.4825",
"BAYN.DE","2014-10-16","98.23","101.07","95.29","99.79","5978156","1.55","1.59","98.595",
"BAYN.DE","2014-10-15","100.97","101.17","97.28","97.31","3538895","-3.66","-3.62","99.1825",
"BAYN.DE","2014-10-14","100.87","101.51","99.35","101.12","2393315","0.24603","0.24784","100.7125",
"BAYN.DE","2014-10-13","100.38","102.05","99.69","101.36","2371455","0.98411","0.97629","100.87",
"BAYN.DE","2014-10-10","103.13","103.53","101.02","101.12","3061485","-2.02","-1.95","102.2",
"BAYN.DE","2014-10-09","104.76","105.59","103.09","103.68","2269113","-1.08","-1.03","104.28",
"BAYN.DE","2014-10-08","103.43","105.1","102.89","103.13","2433777","-0.29523","-0.29005","103.6375",
"BAYN.DE","2014-10-07","106.14","106.19","103.77","103.92","2664310","-2.21","-2.09","105.005",
"BAYN.DE","2014-10-06","108.25","109.04","106.33","106.43","2292358","-1.82","-1.68","107.5125",
"BAYN.DE","2014-10-02","108.25","108.55","106.04","106.04","2736559","-2.21","-2.04","107.22",
"BAYN.DE","2014-10-01","108.84","110.02","108.5","108.6","1672768","-0.24603","-0.22051","108.99",
"BAYN.DE","2014-09-30","108.3","109.63","107.51","109.14","2196343","0.83649","0.77562","108.645",
"BAYN.DE","2014-09-29","108.25","108.74","106.68","107.27","1616249","-0.98411","-0.90531","107.735",
"BAYN.DE","2014-09-26","108.6","109.58","108.1","108.3","1987394","-0.29523","-0.27624","108.645",
"BAYN.DE","2014-09-25","110.52","111.5","108.25","108.45","2169661","-2.07","-1.87","109.68",
"BAYN.DE","2014-09-24","109.24","110.76","108.79","110.56","1874416","1.33","1.21","109.8375",
"BAYN.DE","2014-09-23","110.22","110.96","109.24","109.24","2154019","-0.98411","-0.88913","109.915",
"BAYN.DE","2014-09-22","109.78","112.39","109.48","110.91","1992174","1.13","1.03","110.64",
"BAYN.DE","2014-09-19","111.89","112.14","110.47","110.47","8394796","-1.43","-1.27","111.2425",
"BAYN.DE","2014-09-18","109.58","111.15","108.6","110.91","4828105","1.33","1.21","110.06",
"BAYN.DE","2014-09-17","104.76","104.96","104.17","104.46","1726551","-0.29523","-0.28637","104.5875",
"BAYN.DE","2014-09-16","104.86","105","103.82","104.36","1531240","-0.49205","-0.47683","104.51",
"BAYN.DE","2014-09-15","103.38","105.05","103.33","104.91","1559113","1.53","1.48","104.1675",
"BAYN.DE","2014-09-12","105.1","105.2","104.12","104.46","1156343","-0.63967","-0.60894","104.72",
"BAYN.DE","2014-09-11","104.32","105","103.97","104.71","1574588","0.39364","0.37385","104.5",
"BAYN.DE","2014-09-10","103.33","104.17","102.94","103.97","1238376","0.63967","0.61937","103.6025",
"BAYN.DE","2014-09-09","103.43","104.07","103.38","103.68","1212465","0.24603","0.24171","103.64",
"BAYN.DE","2014-09-08","104.32","104.32","103.43","103.92","1120249","-0.39364","-0.38344","103.9975",
"BAYN.DE","2014-09-05","103.43","104.32","102.94","103.92","1567540","0.49205","0.47375","103.6525",
"BAYN.DE","2014-09-04","102.54","103.97","101.46","103.97","2430783","1.43","1.39","102.985",
"BAYN.DE","2014-09-03","101.66","103.53","101.51","102.64","2020612","0.98411","0.964","102.335",
"BAYN.DE","2014-09-02","101.61","102.3","100.82","100.97","1145950","-0.63967","-0.62986","101.425",
"BAYN.DE","2014-09-01","100.77","101.12","100.08","101.02","840054","0.24603","0.24809","100.7475",
"BAYN.DE","2014-08-29","99.94","101.17","99.25","100.43","1747422","0.49205","0.49029","100.1975",
"BAYN.DE","2014-08-28","99.69","99.99","98.71","99.54","1346430","-0.14762","-0.15047","99.4825",
"BAYN.DE","2014-08-27","100.87","101.12","99.94","100.03","1309887","-0.83649","-0.83276","100.49",
"BAYN.DE","2014-08-26","99.44","101.36","98.8","101.22","1402801","1.77","1.79","100.205",
"BAYN.DE","2014-08-25","98.71","99.79","98.15","99.79","1284448","1.08","1.09","99.11",
"BAYN.DE","2014-08-22","98.46","98.61","96.67","97.46","1604586","-1","-1.02","97.8",
"BAYN.DE","2014-08-21","97.62","98.56","96.56","98.46","1421709","0.83649","0.86048","97.8",
"BAYN.DE","2014-08-20","97.25","97.64","96.57","97.39","1578715","0.13777","0.14396","97.2125",
"BAYN.DE","2014-08-19","98.41","98.41","97.41","97.72","1857110","-0.68887","-0.70115","97.9875",
"BAYN.DE","2014-08-18","95.27","96.09","95.27","95.94","1707342","0.66919","0.70326","95.6425",
"BAYN.DE","2014-08-15","96.23","96.89","93.52","93.89","2551574","-2.33","-2.43","95.1325",
"BAYN.DE","2014-08-14","95.46","96.82","95.19","96.14","1539878","0.67904","0.71234","95.9025",
"BAYN.DE","2014-08-13","94.44","95.78","94.33","95.65","1319493","1.2","1.28","95.05",
"BAYN.DE","2014-08-12","95.12","95.37","93.84","94.11","1924204","-1.01","-1.06","94.61",
"BAYN.DE","2014-08-11","94.73","95.73","94.48","95.44","1981000","0.70856","0.7495","95.095",
"BAYN.DE","2014-08-08","93.51","94.51","92.74","93.61","2370581","0.098417","0.10694","93.5925",
"BAYN.DE","2014-08-07","95.12","95.9","94.23","94.41","2109939","-0.7184","-0.74643","94.915",
"BAYN.DE","2014-08-06","93.98","95.44","93.54","95.04","2053968","1.05","1.13","94.5",
"BAYN.DE","2014-08-05","93.35","95.77","93.18","95.24","2446209","1.89","2.02","94.385",
"BAYN.DE","2014-08-04","94.93","94.93","92.72","93.22","2487441","-1.7","-1.8","93.95",
"BAYN.DE","2014-08-01","97.29","97.34","94.08","94.21","3171158","-3.08","-3.17","95.73",
"BAYN.DE","2014-07-31","98.46","99.74","97.09","97.35","2558999","-1.11","-1.13","98.16",
"BAYN.DE","2014-07-30","98.39","100.97","98.13","99.39","2554044","1","1.02","99.22",
"BAYN.DE","2014-07-29","98.31","98.37","97.44","97.9","1692126","-0.41332","-0.41705","98.005",
"BAYN.DE","2014-07-28","97.19","98.51","97.08","97.71","1476517","0.52158","0.53503","97.6225",
"BAYN.DE","2014-07-25","98.85","98.9","96.93","97.14","1661548","-1.71","-1.73","97.955",
"BAYN.DE","2014-07-24","99","99.54","97.76","99.35","1359546","0.34444","0.35354","98.9125",
"BAYN.DE","2014-07-23","97.72","99.74","97.71","98.8","1300152","1.08","1.11","98.4925",
"BAYN.DE","2014-07-22","98.11","98.66","97.65","98.3","1839594","0.19682","0.19366","98.18",
"BAYN.DE","2014-07-21","99.15","99.39","97.55","97.62","1547898","-1.53","-1.54","98.4275",
"BAYN.DE","2014-07-18","98.51","99.59","98.12","99.25","3189901","0.73808","0.75119","98.8675",
"BAYN.DE","2014-07-17","99.3","100.13","98.56","98.9","1455136","-0.39364","-0.40282","99.2225",
"BAYN.DE","2014-07-16","99.15","101.02","99.15","100.48","1354880","1.33","1.34","99.95",
"BAYN.DE","2014-07-15","100.13","100.92","99.25","99.25","1239424","-0.8857","-0.87886","99.8875",
"BAYN.DE","2014-07-14","99.69","100.33","99.49","100.33","1158953","0.63967","0.64199","99.96",
"BAYN.DE","2014-07-11","99.44","100.08","98.9","99.54","1428676","0.098411","0.10056","99.49",
"BAYN.DE","2014-07-10","101.46","101.51","99.2","99.2","1746655","-2.26","-2.23","100.3425",
"BAYN.DE","2014-07-09","101.61","101.61","100.62","101.51","1039917","-0.098411","-0.09841551","101.3375",
"BAYN.DE","2014-07-08","102.25","102.64","100.87","100.87","1390939","-1.38","-1.35","101.6575",
"BAYN.DE","2014-07-07","102.89","102.99","102","102","1260458","-0.8857","-0.865","102.47",
"BAYN.DE","2014-07-04","104.36","104.36","103.18","103.43","1087765","-0.9349","-0.89115","103.8325",
"BAYN.DE","2014-07-03","103.18","104.56","102.84","104.32","1451862","1.13","1.1","103.725",
"BAYN.DE","2014-07-02","104.32","104.32","102.3","102.84","1327517","-1.48","-1.42","103.445",
"BAYN.DE","2014-07-01","101.71","103.77","101.56","103.77","1688989","2.07","2.03","102.7025",
"BAYN.DE","2014-06-30","101.26","102.2","101.07","101.51","1546146","0.24603","0.24689","101.51",
"BAYN.DE","2014-06-27","100.97","101.41","100.13","100.77","1251463","-0.19682","-0.19808","100.82",
"BAYN.DE","2014-06-26","102.94","102.94","101.02","101.26","1620904","-1.67","-1.63","102.04",
"BAYN.DE","2014-06-25","102.2","102.99","101.95","102.64","1667483","0.44285","0.43053","102.445",
"BAYN.DE","2014-06-24","101.95","103.09","101.95","102.94","1476292","0.98411","0.97106","102.4825",
"BAYN.DE","2014-06-23","102.15","102.35","101.12","101.61","1190450","-0.54126","-0.52863","101.8075",
"BAYN.DE","2014-06-20","102.2","103.09","101.86","102.1","5304985","-0.098411","-0.09784736","102.3125",
"BAYN.DE","2014-06-19","102.3","102.3","101.36","101.81","1850893","-0.49205","-0.47898","101.9425",
"BAYN.DE","2014-06-18","101.46","101.95","101.02","101.17","1408046","-0.29523","-0.28583","101.4",
"BAYN.DE","2014-06-17","101.81","102.89","100.58","101.51","1194782","-0.29523","-0.29467","101.6975",
"BAYN.DE","2014-06-16","101.41","102.05","101.12","101.22","1240288","-0.19682","-0.18736","101.45",
"BAYN.DE","2014-06-13","102.2","102.54","100.82","101.95","1663735","-0.24603","-0.24462","101.8775",
"BAYN.DE","2014-06-12","103.18","103.58","102.35","102.49","1593262","-0.68887","-0.66873","102.9",
"BAYN.DE","2014-06-11","104.71","104.96","103.13","103.23","1688647","-1.48","-1.41","104.0075",
"BAYN.DE","2014-06-10","103.38","104.71","103.18","104.66","1541912","1.28","1.24","103.9825",
"BAYN.DE","2014-06-09","103.58","103.58","102.54","103.33","1016098","-0.24603","-0.24136","103.2575",
"BAYN.DE","2014-06-06","102.84","104.41","102.69","103.53","1627476","0.68887","0.67095","103.3675",
"BAYN.DE","2014-06-05","103.77","104.41","102.94","102.99","2493190","-0.78729","-0.75166","103.5275",
"BAYN.DE","2014-06-04","103.58","104.27","103.43","103.87","1366343","0.29523","0.27998","103.7875",
"BAYN.DE","2014-06-03","104.96","104.96","103.72","103.72","1651002","-1.23","-1.18","104.34",
"BAYN.DE","2014-06-02","105.1","105.1","104.07","104.91","1189433","-0.19682","-0.18078","104.795",
"BAYN.DE","2014-05-30","103.63","104.56","102.99","104.41","1566828","0.78729","0.75268","103.8975",
"BAYN.DE","2014-05-29","103.13","104.02","103.13","103.38","907546","0.24603","0.24241","103.415",
"BAYN.DE","2014-05-28","104.12","104.12","102.79","103.09","1700297","-1.03","-0.98924","103.53",
"BAYN.DE","2014-05-27","103.18","104.41","102.84","104.12","1754844","0.9349","0.91103","103.6375",
"BAYN.DE","2014-05-26","102.25","103.53","102.05","103.53","997841","1.28","1.25","102.84",
"BAYN.DE","2014-05-23","101.66","101.86","101.02","101.66","935894","0","0","101.55",
"BAYN.DE","2014-05-22","101.86","102.2","100.67","101.22","913269","-0.63967","-0.62831","101.4875",
"BAYN.DE","2014-05-21","100.58","101.81","100.28","101.71","1077828","1.13","1.12","101.095",
"BAYN.DE","2014-05-20","101.71","101.76","100.82","101.02","797425","-0.68887","-0.6784","101.3275",
"BAYN.DE","2014-05-19","102","102","100.58","101.76","1521669","-0.24603","-0.23529","101.585",
"BAYN.DE","2014-05-16","101.26","102.1","100.87","101.86","2328787","0.59046","0.59253","101.5225",
"BAYN.DE","2014-05-15","102.1","102.45","101.07","101.71","2160532","-0.39364","-0.38198","101.8325",
"BAYN.DE","2014-05-14","101.41","102.05","100.87","101.86","1209416","0.44285","0.44374","101.5475",
"BAYN.DE","2014-05-13","101.56","101.81","100.72","100.92","1700368","-0.63967","-0.63017","101.2525",
"BAYN.DE","2014-05-12","99.25","101.22","99.2","100.87","1706315","1.62","1.63","100.135",
"BAYN.DE","2014-05-09","99.05","99.2","98.16","98.61","1394423","-0.44285","-0.44422","98.755",
"BAYN.DE","2014-05-08","97.53","99.2","97.53","99.2","1903596","1.67","1.71","98.365",
"BAYN.DE","2014-05-07","96.89","98.15","96.66","97.57","2142401","0.68888","0.70183","97.3175",
"BAYN.DE","2014-05-06","99.3","99.3","97.11","97.5","2219731","-1.8","-1.81","98.3025",
"BAYN.DE","2014-05-05","98.46","98.9","96.86","98.41","1638265","-0.049205","-0.05078204","98.1575",
"BAYN.DE","2014-05-02","98.46","99.39","98.09","98.41","2059688","-0.049205","-0.05078204","98.5875",
"BAYN.DE","2014-04-30","99.1","99.35","98","98.41","2570872","-0.68887","-0.69627","98.715",
"BAYN.DE","2014-04-29","99.1","99.89","97.88","99.89","2981841","0.78729","0.79717","99.19",
"BAYN.DE","2014-04-28","98.41","99.25","97.1","97.38","3270173","-1.03","-1.05","98.035",
"BAYN.DE","2014-04-25","94.5","95.16","93.86","94.25","1723979","-0.25587","-0.26455","94.4425",
"BAYN.DE","2014-04-24","95.95","96.91","93.74","95.47","2056606","-0.48221","-0.50026","95.5175",
"BAYN.DE","2014-04-23","96.34","96.47","95.24","95.29","1799066","-1.05","-1.09","95.835",
"BAYN.DE","2014-04-22","93","95.81","92.73","95.77","2522725","2.78","2.98","94.3275",
"BAYN.DE","2014-04-17","91.52","92.37","90.62","92.1","1738613","0.58062","0.63374","91.6525",
"BAYN.DE","2014-04-16","90.87","91.45","90.35","91.45","2078390","0.58063","0.63827","91.03",
"BAYN.DE","2014-04-15","91.52","92.55","90.06","90.06","2433057","-1.47","-1.6","91.0475",
"BAYN.DE","2014-04-14","90.59","92.72","90.35","92.14","1734420","1.55","1.71","91.45",
"BAYN.DE","2014-04-11","91.65","92.17","90.57","91.33","2576874","-0.31491","-0.34915","91.43",
"BAYN.DE","2014-04-10","94.65","94.98","93","93.12","1474844","-1.54","-1.62","93.9375",
"BAYN.DE","2014-04-09","94.08","94.49","93.51","94","1385425","-0.078729","-0.08503401","94.02",
"BAYN.DE","2014-04-08","95.12","95.72","93.69","94.25","1745218","-0.87586","-0.91463","94.695",
"BAYN.DE","2014-04-07","96","96.35","94.74","94.99","1959194","-1.01","-1.05","95.52",
"BAYN.DE","2014-04-04","96.9","97.69","96.47","97.43","1343665","0.53142","0.54696","97.1225",
"BAYN.DE","2014-04-03","96.27","97.82","95.96","96.9","1745416","0.62983","0.65441","96.7375",
"BAYN.DE","2014-04-02","96.14","96.29","95.48","96.03","1085048","-0.10825","-0.11442","95.985",
"BAYN.DE","2014-04-01","97.04","97.35","95.71","96.05","1527975","-0.99395","-1.02","96.5375",
"BAYN.DE","2014-03-31","98.15","98.21","96.52","96.62","1679870","-1.54","-1.56","97.375",
"BAYN.DE","2014-03-28","96.26","97.72","96.14","97.72","1745933","1.47","1.52","96.96",
"BAYN.DE","2014-03-27","95.45","96.24","95.07","95.67","1284659","0.2165","0.23049","95.6075",
"BAYN.DE","2014-03-26","95.53","96.67","95.19","96.1","1619993","0.57079","0.59667","95.8725",
"BAYN.DE","2014-03-25","93.54","95.86","93.54","95.47","1850432","1.93","2.06","94.6025",
"BAYN.DE","2014-03-24","96.44","96.44","93","93.34","2628466","-3.1","-3.21","94.805",
"BAYN.DE","2014-03-21","94.83","96.54","94.1","96.54","7483814","1.71","1.8","95.5025",
"BAYN.DE","2014-03-20","93.35","94.81","92.52","94.79","2340449","1.44","1.54","93.8675",
"BAYN.DE","2014-03-19","93.95","94.78","93.55","94.4","1839061","0.44284","0.47898","94.17",
"BAYN.DE","2014-03-18","93.8","95.35","92.79","93.78","2545416","-0.019679","-0.02132196","93.93",
"BAYN.DE","2014-03-17","92.98","94.3","92.75","94.03","2039126","1.05","1.13","93.515",
"BAYN.DE","2014-03-14","90.88","94.2","89.86","93.54","4163302","2.66","2.93","92.12",
"BAYN.DE","2014-03-13","94.6","94.68","91.64","91.64","2473007","-2.96","-3.13","93.14",
"BAYN.DE","2014-03-12","93.63","94.69","93.1","93.93","2590058","0.30507","0.32041","93.8375",
"BAYN.DE","2014-03-11","94.87","95.1","94.04","94.11","2127922","-0.75777","-0.8011","94.53",
"BAYN.DE","2014-03-10","95.06","96.74","94.42","94.91","2087093","-0.15745","-0.1578","95.2825",
"BAYN.DE","2014-03-07","98.01","98.09","95.17","95.17","2809286","-2.83","-2.9","96.61",
"BAYN.DE","2014-03-06","98.85","99.1","97.88","98.01","1394469","-0.84634","-0.84977","98.46",
"BAYN.DE","2014-03-05","99.2","99.69","98.13","98.4","1765195","-0.79713","-0.80645","98.855",
"BAYN.DE","2014-03-04","98.39","100.13","97.63","99.64","2510362","1.25","1.27","98.9475",
"BAYN.DE","2014-03-03","98.41","99.15","96.54","96.54","3116313","-1.87","-1.9","97.66",
"BAYN.DE","2014-02-28","96.79","101.26","96.79","101.26","3566057","4.48","4.62","99.025",
"BAYN.DE","2014-02-27","99.2","99.89","97.14","98.26","1855643","-0.9349","-0.94758","98.6225",
"BAYN.DE","2014-02-26","99.74","100.03","98.36","98.76","1548017","-0.98411","-0.98255","99.2225",
"BAYN.DE","2014-02-25","100.38","100.58","99.1","99.69","1674835","-0.68887","-0.68739","99.9375",
"BAYN.DE","2014-02-24","99.74","100.67","99.54","100.58","1100952","0.83649","0.84219","100.1325",
"BAYN.DE","2014-02-21","100.08","100.13","99.25","99.79","1291800","-0.29523","-0.28977","99.8125",
"BAYN.DE","2014-02-20","98.28","99.59","98.04","99.59","1510362","1.31","1.33","98.875",
"BAYN.DE","2014-02-19","99.54","100.48","99.2","100.28","1126343","0.73808","0.74342","99.875",
"BAYN.DE","2014-02-18","99.94","100.03","99","99.69","1240617","-0.24603","-0.25015","99.665",
"BAYN.DE","2014-02-17","99.54","100.03","99.3","99.35","752453","-0.19682","-0.19088","99.555",
"BAYN.DE","2014-02-14","98.51","99.74","97.92","99.49","1729009","0.98411","0.99482","98.915",
"BAYN.DE","2014-02-13","97.07","98.56","97.03","98.4","1830598","1.33","1.37","97.765",
"BAYN.DE","2014-02-12","97.43","98.46","96.91","97.53","2247902","0.098409","0.10264","97.5825",
"BAYN.DE","2014-02-11","94.52","97.43","94.46","97.43","2751886","2.9","3.08","95.96",
"BAYN.DE","2014-02-10","94.23","94.6","93.76","93.93","1537212","-0.29524","-0.31837","94.13",
"BAYN.DE","2014-02-07","93.74","94.41","92.92","93.94","2402804","0.20666","0.21336","93.7525",
"BAYN.DE","2014-02-06","93.44","93.77","92.04","93.75","3350859","0.30508","0.33176","93.25",
"BAYN.DE","2014-02-05","93.71","94.09","92.75","93.33","3105295","-0.37397","-0.40551","93.47",
"BAYN.DE","2014-02-04","95.39","96","94.31","94.43","2116759","-0.95459","-1.01","95.0325",
"BAYN.DE","2014-02-03","96.62","97.03","95.3","95.67","2252933","-0.94474","-0.98323","96.155",
"BAYN.DE","2014-01-31","96.78","97.04","94.79","96.33","2639508","-0.44285","-0.46497","96.235",
"BAYN.DE","2014-01-30","96.51","97.85","95.23","96.88","1830264","0.36412","0.38338","96.6175",
"BAYN.DE","2014-01-29","98.41","98.9","94.97","96.44","2924921","-1.97","-2","97.18",
"BAYN.DE","2014-01-28","97.41","97.57","96.22","96.5","2221589","-0.90538","-0.9342","96.925",
"BAYN.DE","2014-01-27","98.13","98.46","96.15","96.47","2641859","-1.65","-1.69","97.3025",
"BAYN.DE","2014-01-24","101.41","101.46","97.31","97.54","2749211","-3.87","-3.82","99.43",
"BAYN.DE","2014-01-23","102.1","102.59","100.72","101.07","1687172","-1.03","-1.01","101.62",
"BAYN.DE","2014-01-22","102.15","102.69","101.76","102.4","1590548","0.24603","0.24474","102.25",
"BAYN.DE","2014-01-21","100.87","102","100.48","101.46","1871981","0.59047","0.58491","101.2025",
"BAYN.DE","2014-01-20","99.05","100.53","99.05","100.43","1057988","1.38","1.39","99.765",
"BAYN.DE","2014-01-17","99.49","100.43","98.61","99.69","3189922","0.19682","0.20103","99.555",
"BAYN.DE","2014-01-16","100.08","100.38","99.49","99.64","1446887","-0.44285","-0.43965","99.8975",
"BAYN.DE","2014-01-15","96.73","100.08","96.62","100.08","2420231","3.36","3.46","98.3775",
"BAYN.DE","2014-01-14","95","96.66","94.53","96.55","2058527","1.55","1.63","95.685",
"BAYN.DE","2014-01-13","97.21","97.53","96.22","96.66","1883084","-0.5511","-0.56579","96.905",
"BAYN.DE","2014-01-10","97.49","98.51","97.34","97.58","1564410","0.098417","0.09231716","97.73",
"BAYN.DE","2014-01-09","98.26","98.95","97.07","97.25","1764361","-1.01","-1.03","97.8825",
"BAYN.DE","2014-01-08","99.89","99.89","98.33","98.51","1591486","-1.38","-1.38","99.155",
"BAYN.DE","2014-01-07","98.71","99.79","98.46","99.79","1351312","1.08","1.09","99.1875",
"BAYN.DE","2014-01-06","98.66","99.49","98.3","98.76","1150888","0.09841","0.10136","98.8025",
"BAYN.DE","2014-01-03","98.46","99.39","98.26","99.2","1140994","0.73808","0.75157","98.8275",
"BAYN.DE","2014-01-02","100.87","101.61","98.4","98.46","2106712","-2.41","-2.39","99.835",
"BAYN.DE","2013-12-30","101.41","101.51","100.28","100.33","958861","-1.08","-1.06","100.8825",
"BAYN.DE","2013-12-27","101.07","101.41","100.62","101.41","1399587","0.34444","0.3364","101.1275",
"BAYN.DE","2013-12-23","98.33","99.89","98.14","99.89","1531135","1.55","1.59","99.0625",
"BAYN.DE","2013-12-20","97.76","98.41","97.69","97.88","8021614","0.1181","0.12275","97.935",
"BAYN.DE","2013-12-19","97.45","98.38","96.75","97.82","2479186","0.37397","0.37968","97.6",
"BAYN.DE","2013-12-18","95.26","96.82","95.12","96.75","2052392","1.49","1.56","95.9875",
"BAYN.DE","2013-12-17","95.31","95.54","94.63","94.63","1598214","-0.67903","-0.71346","95.0275",
"BAYN.DE","2013-12-16","93.59","95.86","93.56","95.42","1956354","1.83","1.96","94.6075",
"BAYN.DE","2013-12-13","94.17","94.81","93.71","93.91","1597682","-0.25587","-0.2761","94.15",
"BAYN.DE","2013-12-12","93.85","94.68","93.56","94.17","1731345","0.31491","0.34097","94.065",
"BAYN.DE","2013-12-11","94.24","95.31","94.07","94.29","1612922","0.049202","0.05305603","94.4775",
"BAYN.DE","2013-12-10","95.05","95.95","93.96","94.24","1601204","-0.80697","-0.85218","94.8",
"BAYN.DE","2013-12-09","94.77","95.79","94.68","95.44","1742476","0.66919","0.70697","95.17",
"BAYN.DE","2013-12-06","94.47","94.94","93.81","94.48","1812498","0.009843","0.01058537","94.425",
"BAYN.DE","2013-12-05","93.98","95.12","93.67","93.81","1880022","-0.17714","-0.18089","94.145",
"BAYN.DE","2013-12-04","95.95","96.41","94.02","94.23","2337824","-1.72","-1.79","95.1525",
"BAYN.DE","2013-12-03","96.91","97.11","95.54","95.62","2422080","-1.3","-1.33","96.295",
"BAYN.DE","2013-12-02","96.78","97.32","96.01","96.98","1484909","0.20667","0.20665","96.7725",
"BAYN.DE","2013-11-29","95.7","96.81","95.46","96.64","1718083","0.9349","0.98224","96.1525",
"BAYN.DE","2013-11-28","95.44","95.87","95.12","95.63","1047713","0.18698","0.19908","95.515",
"BAYN.DE","2013-11-27","94.44","95.29","94.24","95.19","1095762","0.74792","0.79416","94.79",
"BAYN.DE","2013-11-26","94.56","95.16","93.83","94.27","1864116","-0.29523","-0.30668","94.455",
"BAYN.DE","2013-11-25","94.49","95.17","94.28","94.53","1359186","0.039365","0.04233252","94.6175",
"BAYN.DE","2013-11-22","94.92","95.56","94.08","94.41","1615576","-0.51173","-0.53729","94.7425",
"BAYN.DE","2013-11-21","94.38","94.78","93","94.45","1889314","0.07873","0.07416826","94.1525",
"BAYN.DE","2013-11-20","92.51","93.98","92.02","93.43","1331187","0.92506","0.99449","92.985",
"BAYN.DE","2013-11-19","92.88","93.19","92.57","92.74","1345032","-0.13777","-0.15073","92.845",
"BAYN.DE","2013-11-18","93.01","93.46","91.76","93.09","1682750","0.078722","0.08601226","92.83",
"BAYN.DE","2013-11-15","93.26","93.52","92.79","93.38","2714695","0.11809","0.12867","93.2375",
"BAYN.DE","2013-11-14","92.41","93.54","92.3","93.54","1944614","1.13","1.22","92.9475",
"BAYN.DE","2013-11-13","91.72","91.94","90.92","91.55","1634770","-0.1673","-0.18535","91.5325",
"BAYN.DE","2013-11-12","92.04","92.33","91.55","91.98","1516937","-0.059045","-0.06518905","91.975",
"BAYN.DE","2013-11-11","92.51","92.8","92.09","92.11","1191847","-0.39364","-0.43239","92.3775",
"BAYN.DE","2013-11-08","91.3","92.38","91.08","92.31","1836360","1.01","1.11","91.7675",
"BAYN.DE","2013-11-07","92","93.16","91.1","91.91","2065746","-0.098409","-0.09782609","92.0425",
"BAYN.DE","2013-11-06","91.47","92.88","91.33","92.38","1942528","0.90538","0.99486","92.015",
"BAYN.DE","2013-11-05","91.28","91.85","90.69","91.24","1952306","-0.039365","-0.04382121","91.265",
"BAYN.DE","2013-11-04","90.2","91.49","90.12","91.09","1534853","0.88569","0.9867","90.725",
"BAYN.DE","2013-11-01","90.05","90.19","89.41","89.7","1095995","-0.34444","-0.38867","89.8375",
"BAYN.DE","2013-10-31","91.04","91.8","89.27","90.09","3167868","-0.95459","-1.04","90.55",
"BAYN.DE","2013-10-30","90.93","91.2","90.44","91.05","1668833","0.11809","0.13197","90.905",
"BAYN.DE","2013-10-29","89.95","91","89.94","90.83","1843346","0.8857","0.97832","90.43",
"BAYN.DE","2013-10-28","90.15","90.3","89.75","89.94","1047925","-0.2165","-0.23295","90.035",
"BAYN.DE","2013-10-25","88.77","90.03","88.77","89.75","1557936","0.98411","1.1","89.33",
"BAYN.DE","2013-10-24","90.22","90.22","88.95","89.18","1643234","-1.04","-1.15","89.6425",
"BAYN.DE","2013-10-23","88.61","90","88.55","89.77","1917087","1.16","1.31","89.2325",
"BAYN.DE","2013-10-22","87.55","89.4","87.39","88.95","2593809","1.41","1.6","88.3225",
"BAYN.DE","2013-10-21","88.61","88.61","87.09","87.88","1871550","-0.72824","-0.82383","88.0475",
"BAYN.DE","2013-10-18","88.53","89.21","88.25","89.05","5463891","0.52157","0.58737","88.76",
"BAYN.DE","2013-10-17","88.05","88.36","87.57","87.99","1367879","-0.059043","-0.0681431","87.9925",
"BAYN.DE","2013-10-16","86.63","88.19","86.53","88.05","1766116","1.42","1.64","87.35",
"BAYN.DE","2013-10-15","85.91","87.09","85.85","86.74","2075280","0.82665","0.96613","86.3975",
"BAYN.DE","2013-10-14","85.42","85.67","84.88","85.59","1430579","0.1673","0.19902","85.39",
"BAYN.DE","2013-10-11","84.84","85.85","84.21","85.85","1673941","1.01","1.19","85.1875",
"BAYN.DE","2013-10-10","83.26","84.66","82.94","84.28","1724079","1.02","1.23","83.785",
"BAYN.DE","2013-10-09","82.66","83.6","82.39","82.77","1825587","0.10825","0.13308","82.855",
"BAYN.DE","2013-10-08","83.75","84.61","82.97","82.98","1770023","-0.7676","-0.9194","83.5775",
"BAYN.DE","2013-10-07","84.31","84.32","83.25","83.51","1870450","-0.79712","-0.94888","83.8475",
"BAYN.DE","2013-10-04","84.74","84.88","83.83","84.73","1576938","-0.009844","-0.0118008","84.545",
"BAYN.DE","2013-10-03","85.09","85.72","84.89","84.89","945138","-0.19682","-0.23505","85.1475",
"BAYN.DE","2013-10-02","86.15","86.15","84.56","85.11","1551913","-1.04","-1.21","85.4925",
"BAYN.DE","2013-10-01","86.09","86.59","85.66","86.34","1839684","0.24603","0.29039","86.17",
"BAYN.DE","2013-09-30","85.2","86.24","85.18","85.77","1820340","0.57078","0.66901","85.5975",
"BAYN.DE","2013-09-27","85.62","86.57","85.11","86.1","1634076","0.48221","0.56062","85.85",
"BAYN.DE","2013-09-26","85.81","85.91","84.63","85.49","1503422","-0.32475","-0.37292","85.46",
"BAYN.DE","2013-09-25","84.9","85.22","84.15","85.16","1556140","0.26571","0.30624","84.8575",
"BAYN.DE","2013-09-24","85.08","85.7","84.68","85.1","1378963","0.019686","0.02350729","85.14",
"BAYN.DE","2013-09-23","86.45","86.55","84.46","84.87","2219278","-1.58","-1.83","85.5825",
"BAYN.DE","2013-09-20","85.25","86.77","85.14","86.29","6639423","1.03","1.22","85.8625",
"BAYN.DE","2013-09-19","85.13","85.51","84.54","85.23","2349829","0.10825","0.11747","85.1025",
"BAYN.DE","2013-09-18","83.6","84.06","83.3","83.87","1424200","0.26571","0.32297","83.7075",
"BAYN.DE","2013-09-17","83.45","84.43","83.45","83.48","1910750","0.029522","0.03594967","83.7025",
"BAYN.DE","2013-09-16","83.32","84.2","82.84","83.82","2047121","0.49205","0.6001","83.545",
"BAYN.DE","2013-09-13","81","83.04","80.96","82.35","1880209","1.35","1.67","81.8375",
"BAYN.DE","2013-09-12","83.29","83.44","82.03","82.11","1637915","-1.18","-1.42","82.7175",
"BAYN.DE","2013-09-11","82.51","83.32","82.42","82.98","1677441","0.47237","0.56963","82.8075",
"BAYN.DE","2013-09-10","81.45","82.45","80.89","82.17","2718329","0.7184","0.88398","81.74",
"BAYN.DE","2013-09-09","81.71","81.89","80.52","80.71","2121838","-1","-1.22","81.2075",
"BAYN.DE","2013-09-06","82.63","83.05","80.85","82.13","2462837","-0.49205","-0.60511","82.165",
"BAYN.DE","2013-09-05","83.5","83.66","82.22","82.85","1918913","-0.64951","-0.77844","83.0575",
"BAYN.DE","2013-09-04","83.64","83.86","82.58","83.57","1309633","-0.068888","-0.08369201","83.4125",
"BAYN.DE","2013-09-03","84.74","84.88","83.25","83.47","1707942","-1.27","-1.5","84.085",
"BAYN.DE","2013-09-02","83.68","84.51","83.44","84.28","1378614","0.6003","0.71702","83.9775",
"BAYN.DE","2013-08-30","83.89","84.04","82.7","82.7","2025647","-1.18","-1.42","83.3325",
"BAYN.DE","2013-08-29","83.84","84.31","83.16","84.12","1192816","0.28539","0.33397","83.8575",
"BAYN.DE","2013-08-28","84.88","85.05","83.16","83.69","1927776","-1.19","-1.4","84.195",
"BAYN.DE","2013-08-27","86.42","87.02","84.9","84.99","2573772","-1.44","-1.65","85.8325",
"BAYN.DE","2013-08-26","86.77","87.31","86.58","87.1","470851","0.3346","0.38032","86.94",
"BAYN.DE","2013-08-23","86.91","87","85.85","86.75","1264159","-0.15745","-0.1841","86.6275",
"BAYN.DE","2013-08-22","85.84","87.23","85.41","87","1629892","1.16","1.35","86.37",
"BAYN.DE","2013-08-21","86.26","86.5","85.37","85.79","973962","-0.46253","-0.54486","85.98",
"BAYN.DE","2013-08-20","85.53","86.83","85.1","86.12","2220797","0.59046","0.68982","85.895",
"BAYN.DE","2013-08-19","85.47","86.17","84.81","85.86","1283024","0.39365","0.4563","85.5775",
"BAYN.DE","2013-08-16","86.05","86.05","84.68","85.24","1802874","-0.80697","-0.94131","85.505",
"BAYN.DE","2013-08-15","85.65","85.65","84.3","85.28","1333720","-0.36411","-0.43199","85.22",
"BAYN.DE","2013-08-14","85.57","85.93","85.22","85.62","997643","0.049208","0.05843169","85.585",
"BAYN.DE","2013-08-13","85.67","86.29","85.09","85.27","1632871","-0.39364","-0.46691","85.58",
"BAYN.DE","2013-08-12","85.59","85.76","84.45","85.44","1192861","-0.14762","-0.17525","85.31",
"BAYN.DE","2013-08-09","85.78","86.35","85.44","85.58","1456706","-0.20666","-0.23315","85.7875",
"BAYN.DE","2013-08-08","85.71","86.41","85.21","85.81","1672055","0.10825","0.11667","85.785",
"BAYN.DE","2013-08-07","86.61","87.23","85.55","85.87","2084662","-0.73808","-0.8544","86.315",
"BAYN.DE","2013-08-06","88.52","89.58","86.88","87.24","2477214","-1.28","-1.45","88.055",
"BAYN.DE","2013-08-05","88.33","89.23","88.07","88.18","1270771","-0.15746","-0.16982","88.4525",
"BAYN.DE","2013-08-02","88.37","88.62","87.86","88.21","1586061","-0.1673","-0.18106","88.265",
"BAYN.DE","2013-08-01","86.43","88.53","86.35","88.01","2731650","1.57","1.83","87.33",
"BAYN.DE","2013-07-31","82.17","86.95","81.79","85.96","3689129","3.79","4.61","84.2175",
"BAYN.DE","2013-07-30","82.77","83.92","82.37","83.01","1752252","0.23618","0.28996","83.0175",
"BAYN.DE","2013-07-29","82.27","83.31","82.27","82.66","995401","0.3838","0.47405","82.6275",
"BAYN.DE","2013-07-26","83.64","84.09","82.23","82.42","1443358","-1.22","-1.46","83.095",
"BAYN.DE","2013-07-25","82.7","83.57","81.83","82.88","2156898","0.17714","0.21765","82.745",
"BAYN.DE","2013-07-24","83.06","83.64","82.11","82.93","2047792","-0.12794","-0.15651","82.935",
"BAYN.DE","2013-07-23","83.72","83.85","82.88","83.14","974424","-0.58062","-0.69279","83.3975",
"BAYN.DE","2013-07-22","83.9","83.99","83.24","83.53","997842","-0.37397","-0.441","83.665",
"BAYN.DE","2013-07-19","83.94","83.94","83.15","83.63","3405284","-0.31491","-0.36931","83.665",
"BAYN.DE","2013-07-18","82.73","84.27","82.69","84.14","1683587","1.41","1.7","83.4575",
"BAYN.DE","2013-07-17","82.62","83.06","81.4","82.81","1576568","0.19683","0.22997","82.4725",
"BAYN.DE","2013-07-16","83.51","83.72","82.1","82.37","1245664","-1.14","-1.37","82.925",
"BAYN.DE","2013-07-15","83.74","83.99","83.02","83.32","1054611","-0.41332","-0.50155","83.5175",
"BAYN.DE","2013-07-12","83.08","84.12","82.81","83.27","1848428","0.18698","0.2287","83.32",
"BAYN.DE","2013-07-11","83.27","83.6","82.15","82.51","1679899","-0.75777","-0.91269","82.8825",
"BAYN.DE","2013-07-10","81.76","82.56","81.37","82","1541745","0.23618","0.29354","81.9225",
"BAYN.DE","2013-07-09","81.61","82.63","81.27","82.14","1906761","0.53142","0.64943","81.9125",
"BAYN.DE","2013-07-08","79.57","81.59","79.36","81.11","2016935","1.55","1.94","80.4075",
"BAYN.DE","2013-07-05","81.41","81.45","78.79","78.79","2399919","-2.62","-3.22","80.11",
"BAYN.DE","2013-07-04","80.09","81.67","79.79","81.26","2535962","1.17","1.46","80.7025",
"BAYN.DE","2013-07-03","79.56","79.91","78.54","79.6","2162404","0.049208","0.05027652","79.4025",
"BAYN.DE","2013-07-02","81.61","81.61","80.02","80.41","1504331","-1.2","-1.47","80.9125",
"BAYN.DE","2013-07-01","80.3","81.61","79.55","81.06","1723582","0.75777","0.94645","80.63",
"BAYN.DE","2013-06-28","81.29","81.36","79.95","80.63","2544816","-0.65935","-0.81191","80.8075",
"BAYN.DE","2013-06-27","79.79","81.42","79.76","80.88","2436174","1.09","1.37","80.4625",
"BAYN.DE","2013-06-26","77.66","80.66","77.09","80.32","3433767","2.67","3.43","78.9325",
"BAYN.DE","2013-06-25","77.84","78.17","76.97","77.77","2833728","-0.068887","-0.08992806","77.6875",
"BAYN.DE","2013-06-24","77.59","78.55","76.3","76.88","3995499","-0.70855","-0.91507","77.33",
"BAYN.DE","2013-06-21","80.45","81.11","78.34","78.34","6755443","-2.11","-2.62","79.56",
"BAYN.DE","2013-06-20","80.99","81.35","79.3","79.3","3709815","-1.69","-2.09","80.235",
"BAYN.DE","2013-06-19","82.8","83.5","81.6","82.85","1475366","0.049208","0.06038647","82.6875",
"BAYN.DE","2013-06-18","81.8","82.79","81.34","82.49","1508117","0.68887","0.84352","82.105",
"BAYN.DE","2013-06-17","80.87","82.81","80.87","82.16","1857749","1.29","1.6","81.6775",
"BAYN.DE","2013-06-14","81.23","81.52","80.13","80.47","1611929","-0.75777","-0.93561","80.8375",
"BAYN.DE","2013-06-13","80.19","80.84","79.46","80.68","2027639","0.48222","0.61105","80.2925",
"BAYN.DE","2013-06-12","81.64","82.53","81.3","81.6","1976101","-0.039366","-0.04899559","81.7675",
"BAYN.DE","2013-06-11","81.98","82.29","80.89","81.54","2246700","-0.43301","-0.53672","81.675",
"BAYN.DE","2013-06-10","81.64","83.33","81.42","82.73","1472960","1.09","1.34","82.28",
"BAYN.DE","2013-06-07","80.03","82.39","79.04","81.95","3364176","1.92","2.4","80.8525",
"BAYN.DE","2013-06-06","79.74","80.87","79.3","79.3","1621727","-0.44284","-0.55179","79.8025",
"BAYN.DE","2013-06-05","80.15","80.71","79.23","79.85","2089768","-0.29523","-0.3743","79.985",
"BAYN.DE","2013-06-04","81.07","81.75","80.45","80.7","1878626","-0.37396","-0.4564","80.9925",
"BAYN.DE","2013-06-03","81.19","81.87","79.45","80.03","2305709","-1.16","-1.43","80.635",
"BAYN.DE","2013-05-31","82.17","82.39","80.85","81.57","2119193","-0.60031","-0.73019","81.745",
"BAYN.DE","2013-05-30","81.94","82.55","80.79","82.34","1531172","0.40348","0.48816","81.905",
"BAYN.DE","2013-05-29","85.22","85.22","82.49","82.55","2371071","-2.68","-3.13","83.87",
"BAYN.DE","2013-05-28","84.23","85.82","84.2","85.22","2856635","0.99395","1.18","84.8675",
"BAYN.DE","2013-05-27","83.65","83.98","83.19","83.39","821226","-0.25587","-0.31082","83.5525",
"BAYN.DE","2013-05-24","82.73","83.67","82.34","83.12","2311566","0.3838","0.47141","82.965",
"BAYN.DE","2013-05-23","82.86","83.64","81.84","82.58","2128998","-0.28538","-0.33792","82.73",
"BAYN.DE","2013-05-22","82.84","84.28","82.84","84.14","2270287","1.3","1.57","83.525",
"BAYN.DE","2013-05-21","82.66","83.94","82.56","83.3","1600703","0.63967","0.77426","83.115",
"BAYN.DE","2013-05-20","83.24","83.32","82.39","82.78","1018876","-0.45269","-0.55262","82.9325",
"BAYN.DE","2013-05-17","82.9","83.75","82.31","82.46","4574650","-0.44285","-0.53076","82.855",
"BAYN.DE","2013-05-16","83.65","84.31","83.04","83.45","1744114","-0.19682","-0.23909","83.6125",
"BAYN.DE","2013-05-15","83.29","83.99","82.52","83.68","1852458","0.3838","0.46824","83.37",
"BAYN.DE","2013-05-14","82.56","83.3","81.74","83.18","1486257","0.61999","0.75097","82.695",
"BAYN.DE","2013-05-13","81.87","82.62","81.34","82.42","1479875","0.5511","0.6718","82.0625",
"BAYN.DE","2013-05-10","81.82","82.86","80.72","82.18","1932055","0.36412","0.43999","81.895",
"BAYN.DE","2013-05-09","82.1","82.35","81.43","81.91","1061252","-0.19682","-0.23143","81.9475",
"BAYN.DE","2013-05-08","80.03","82.24","79.88","81.98","2249511","1.95","2.44","81.0325",
"BAYN.DE","2013-05-07","79.96","81.06","79.59","80.55","1569213","0.59046","0.73787","80.29",
"BAYN.DE","2013-05-06","80.23","80.52","79.64","79.82","1120144","-0.41332","-0.51103","80.0525",
"BAYN.DE","2013-05-03","78.66","80.45","77.71","80.41","3121516","1.75","2.22","79.3075",
"BAYN.DE","2013-05-02","77.74","79.16","77.59","78.85","2537067","1.1","1.43","78.335",
"BAYN.DE","2013-04-30","78.89","79.48","77.6","77.96","2104639","-0.92506","-1.18","78.4825",
"BAYN.DE","2013-04-29","78.84","79.04","77.74","78.31","2528912","-0.53142","-0.67225","78.4825",
"BAYN.DE","2013-04-26","79.04","80.59","78.92","79.87","3970996","0.82665","1.05","79.605",
"BAYN.DE","2013-04-25","79.02","79.48","78.03","79.42","2860221","0.39364","0.5062","78.9875",
"BAYN.DE","2013-04-24","78.42","79.5","77.29","79.34","2607137","0.91522","1.17","78.6375",
"BAYN.DE","2013-04-23","77.04","78.56","76.2","78.24","2324552","1.2","1.56","77.51",
"BAYN.DE","2013-04-22","77.55","77.72","76.23","76.63","1768906","-0.91522","-1.19","77.0325",
"BAYN.DE","2013-04-19","78.33","78.33","76.68","77.08","3708214","-1.26","-1.6","77.605",
"BAYN.DE","2013-04-18","76.64","78.16","76.53","77.54","2271127","0.89554","1.17","77.2175",
"BAYN.DE","2013-04-17","80.06","80.11","75.91","76.35","3467096","-3.71","-4.63","78.1075",
"BAYN.DE","2013-04-16","79.94","80.36","78.71","79.76","1820521","-0.17714","-0.22517","79.6925",
"BAYN.DE","2013-04-15","78.88","80.62","78.48","80.29","2168518","1.42","1.79","79.5675",
"BAYN.DE","2013-04-12","80.45","80.54","78.91","79.04","1892730","-1.41","-1.75","79.735",
"BAYN.DE","2013-04-11","79.35","80.88","79.29","80.72","1685799","1.37","1.73","80.06",
"BAYN.DE","2013-04-10","79.25","80.1","78.12","79.82","2417498","0.57078","0.71924","79.3225",
"BAYN.DE","2013-04-09","80.49","80.68","78.28","79.04","2315266","-1.45","-1.8","79.6225",
"BAYN.DE","2013-04-08","77.88","79.89","77.88","79.8","2103755","1.92","2.47","78.8625",
"BAYN.DE","2013-04-05","80.5","80.5","77.71","77.81","2528839","-2.69","-3.34","79.13",
"BAYN.DE","2013-04-04","81","81.47","80.17","80.3","2069953","-0.69872","-0.8642","80.735",
"BAYN.DE","2013-04-03","80.73","81.81","80.45","81","2235811","0.27555","0.33445","80.9975",
"BAYN.DE","2013-04-02","78.89","81.06","78.89","80.98","1880498","2.1","2.65","79.955",
"BAYN.DE","2013-03-28","78.19","79.71","78.14","79.19","2505700","1","1.28","78.8075",
"BAYN.DE","2013-03-27","78.45","78.9","77.61","77.95","2263425","-0.5019","-0.63735","78.2275",
"BAYN.DE","2013-03-26","77.91","78.72","77.42","78.36","1914689","0.45269","0.57759","78.1025",
"BAYN.DE","2013-03-25","77.19","78.97","77.19","77.84","2806124","0.64951","0.84208","77.7975",
"BAYN.DE","2013-03-22","77.6","77.79","76.49","77.09","2193130","-0.5019","-0.65722","77.2425",
"BAYN.DE","2013-03-21","79.3","79.43","77.27","77.88","2542476","-1.42","-1.79","78.47",
"BAYN.DE","2013-03-20","77.7","79.16","77.42","79.08","2497348","1.39","1.78","78.34",
"BAYN.DE","2013-03-19","76.59","77.25","76.34","77","2170925","0.40348","0.53532","76.795",
"BAYN.DE","2013-03-18","76.28","77.14","76.07","76.98","1839362","0.69871","0.91767","76.6175",
"BAYN.DE","2013-03-15","77.96","77.96","76.77","77.3","6128553","-0.65935","-0.84659","77.4975",
"BAYN.DE","2013-03-14","76.42","77.55","76.41","77.5","2017470","1.08","1.41","76.97",
"BAYN.DE","2013-03-13","75.58","76.21","75.28","75.97","1384878","0.39364","0.51601","75.76",
"BAYN.DE","2013-03-12","76.11","76.58","75.42","75.81","1867564","-0.30507","-0.39417","75.98",
"BAYN.DE","2013-03-11","76.96","77.06","76.3","76.47","1549239","-0.49205","-0.63669","76.6975",
"BAYN.DE","2013-03-08","77.13","77.58","76.77","77.36","2155544","0.22635","0.2982","77.21",
"BAYN.DE","2013-03-07","77.1","77.25","76.33","77","1570234","-0.10825","-0.1297","76.92",
"BAYN.DE","2013-03-06","76.87","78.22","76.67","76.99","2472467","0.11809","0.15611","77.1875",
"BAYN.DE","2013-03-05","74.5","76.83","73.89","76.75","3465291","2.25","3.02","75.4925",
"BAYN.DE","2013-03-04","73.63","74.83","73.58","74.37","1815254","0.73808","1.01","74.1025",
"BAYN.DE","2013-03-01","74.34","75.03","73.2","74.17","2272294","-0.1673","-0.22868","74.185",
"BAYN.DE","2013-02-28","72.25","75.21","72.25","74.65","4074102","2.4","3.32","73.59",
"BAYN.DE","2013-02-27","71.97","72.7","71.2","72.69","2330329","0.7184","1","72.14",
"BAYN.DE","2013-02-26","70.49","72.38","70.46","71.61","3909562","1.12","1.59","71.235",
"BAYN.DE","2013-02-25","71.96","73.89","71.96","72.58","2966109","0.61998","0.86159","72.5975",
"BAYN.DE","2013-02-22","70.58","71.88","70.28","71.84","2039372","1.26","1.79","71.145",
"BAYN.DE","2013-02-21","71.05","71.38","69.91","70.15","2809373","-0.90538","-1.27","70.6225",
"BAYN.DE","2013-02-20","70.54","71.8","70.54","71.48","2242279","0.9349","1.33","71.09",
"BAYN.DE","2013-02-19","67.96","70.93","67.96","70.65","2916610","2.69","3.96","69.375",
"BAYN.DE","2013-02-18","67.96","68.38","67.55","68.19","1231504","0.22635","0.33843","68.02",
"BAYN.DE","2013-02-15","68.52","68.7","67.59","67.91","3261925","-0.61014","-0.89025","68.18",
"BAYN.DE","2013-02-14","69.67","70","68.49","68.53","2105815","-1.14","-1.64","69.1725",
"BAYN.DE","2013-02-13","70.08","70.45","69.4","69.93","1711644","-0.14762","-0.21404","69.965",
"BAYN.DE","2013-02-12","68.86","69.84","68.79","69.74","1456144","0.8857","1.28","69.3075",
"BAYN.DE","2013-02-11","69.13","69.68","68.84","69.05","1542005","-0.078731","-0.11572","69.175",
"BAYN.DE","2013-02-08","69.67","69.97","69.06","69.83","1781485","0.15745","0.22965","69.6325",
"BAYN.DE","2013-02-07","69.23","70.58","68.45","69.69","2857812","0.46253","0.66445","69.4875",
"BAYN.DE","2013-02-06","70.48","70.77","68.08","68.99","3339548","-1.5","-2.11","69.58",
"BAYN.DE","2013-02-05","70.17","70.68","69.83","70.56","2360325","0.39364","0.55579","70.31",
"BAYN.DE","2013-02-04","71.77","72.1","70.7","70.79","2747325","-0.98411","-1.37","71.34",
"BAYN.DE","2013-02-01","71.15","71.84","70.32","71.84","2663663","0.68887","0.96978","71.2875",
"BAYN.DE","2013-01-31","71.68","71.95","71.17","71.52","2040740","-0.15745","-0.22321","71.58",
"BAYN.DE","2013-01-30","72.4","72.68","71.72","72.28","1912604","-0.1181","-0.16575","72.27",
"BAYN.DE","2013-01-29","73.62","73.81","72.4","72.4","3183886","-1.22","-1.66","73.0575",
"BAYN.DE","2013-01-28","74.2","74.8","73.38","74.48","1949916","0.27555","0.37736","74.215",
"BAYN.DE","2013-01-25","71.27","74.99","71.17","74.71","4092420","3.44","4.83","73.035",
"BAYN.DE","2013-01-24","71.84","71.89","71.15","71.27","1612073","-0.57078","-0.79343","71.5375",
"BAYN.DE","2013-01-23","71.49","71.74","71.36","71.72","1917282","0.23618","0.32172","71.5775",
"BAYN.DE","2013-01-22","71.81","72.4","71.1","71.86","1949318","0.049201","0.06962819","71.7925",
"BAYN.DE","2013-01-21","71.52","71.9","71.42","71.69","853842","0.1673","0.2377","71.6325",
"BAYN.DE","2013-01-18","71.72","72","71.15","71.35","2742264","-0.37396","-0.5159","71.555",
"BAYN.DE","2013-01-17","71.4","72.43","70.99","71.77","1728479","0.37396","0.51821","71.6475",
"BAYN.DE","2013-01-16","71.02","71.59","70.98","71.52","1285214","0.5019","0.70403","71.2775",
"BAYN.DE","2013-01-15","71.22","71.39","70.49","71","1583543","-0.2165","-0.3089","71.025",
"BAYN.DE","2013-01-14","71.53","72.07","71.38","71.6","1444824","0.068887","0.09786104","71.645",
"BAYN.DE","2013-01-11","70.82","71.82","70.61","71.71","1392679","0.89554","1.26","71.24",
"BAYN.DE","2013-01-10","71.3","71.69","70.59","70.87","1428236","-0.433","-0.60309","71.1125",
"BAYN.DE","2013-01-09","71.14","71.67","70.57","71.17","1581233","0.029522","0.04217037","71.1375",
"BAYN.DE","2013-01-08","70.5","71.04","70.31","70.78","1496536","0.27555","0.39716","70.6575",
"BAYN.DE","2013-01-07","71.4","71.54","70.28","70.48","1852421","-0.91522","-1.29","70.925",
"BAYN.DE","2013-01-04","70.8","71.71","70.73","71.64","1582376","0.84633","1.19","71.22",
"BAYN.DE","2013-01-03","70.8","71.28","70.5","70.82","1409997","0.019679","0.02824859","70.85",
"BAYN.DE","2013-01-02","72.03","72.08","70.21","70.83","3563174","-1.2","-1.67","71.2875",
"BAYN.DE","2012-12-28","71.22","71.74","70.6","70.75","987182","-0.47238","-0.65993","71.0775",
"BAYN.DE","2012-12-27","71.18","71.48","70.65","71.26","1422556","0.078731","0.11239","71.1425",
"BAYN.DE","2012-12-21","70.73","71.81","70.47","71.79","5519096","1.06","1.5","71.2",
"BAYN.DE","2012-12-20","70.06","71.25","69.78","71.25","2187205","1.19","1.7","70.585",
"BAYN.DE","2012-12-19","71.25","71.35","70.27","70.29","2786501","-0.95459","-1.35","70.79",
"BAYN.DE","2012-12-18","71.5","71.66","71.1","71.34","1857904","-0.15746","-0.22378","71.4",
"BAYN.DE","2012-12-17","71.31","71.61","70.5","71.12","1500129","-0.18698","-0.26644","71.135",
"BAYN.DE","2012-12-14","71.4","71.72","70.92","71.3","1720655","-0.098417","-0.14006","71.335",
"BAYN.DE","2012-12-13","71.41","71.51","70.68","71.29","2056198","-0.11809","-0.16804","71.2225",
"BAYN.DE","2012-12-12","71.31","71.72","70.95","71.1","2275095","-0.20666","-0.29449","71.27",
"BAYN.DE","2012-12-11","70.88","71.62","70.31","71.26","2027130","0.38381","0.53612","71.0175",
"BAYN.DE","2012-12-10","70.47","71.25","70.4","71.05","1501639","0.58062","0.82305","70.7925",
"BAYN.DE","2012-12-07","71.46","71.93","70.62","70.76","2298417","-0.69872","-0.97957","71.1925",
"BAYN.DE","2012-12-06","69.47","71.89","69.34","71.39","4257390","1.92","2.76","70.5225",
"BAYN.DE","2012-12-05","69.18","69.47","68.66","69.04","1865577","-0.14762","-0.20237","69.0875",
"BAYN.DE","2012-12-04","68.93","69.41","68.82","69.18","1386159","0.25587","0.36269","69.085",
"BAYN.DE","2012-12-03","68.59","69.67","68.46","69","1959362","0.40349","0.59775","68.93",
"BAYN.DE","2012-11-30","68.64","68.95","68.44","68.44","1654206","-0.19682","-0.29138","68.6175",
"BAYN.DE","2012-11-29","69.38","69.53","68.65","68.93","2250463","-0.45269","-0.6486","69.1225",
"BAYN.DE","2012-11-28","68","68.94","67.91","68.94","1788661","0.93491","1.38","68.4475",
"BAYN.DE","2012-11-27","68.54","68.71","68.07","68.24","1680102","-0.30508","-0.4377","68.39",
"BAYN.DE","2012-11-26","68.27","68.47","67.94","68.2","1124481","-0.068888","-0.10253","68.22",
"BAYN.DE","2012-11-23","68.05","68.63","67.7","68.63","1466835","0.58062","0.85231","68.2525",
"BAYN.DE","2012-11-22","66.85","67.65","66.76","67.55","1783951","0.69871","1.05","67.2025",
"BAYN.DE","2012-11-21","66.17","66.67","65.63","66.67","1816465","0.5019","0.75563","66.285",
"BAYN.DE","2012-11-20","65.23","66.28","65.07","66.18","1700333","0.95458","1.46","65.69",
"BAYN.DE","2012-11-19","64.86","65.35","64.32","65.34","2041840","0.48221","0.74006","64.9675",
"BAYN.DE","2012-11-16","64.68","65.27","64.28","64.28","3526175","-0.39364","-0.61843","64.6275",
"BAYN.DE","2012-11-15","64.91","64.99","63.62","64.39","2564605","-0.52158","-0.80111","64.4775",
"BAYN.DE","2012-11-14","65.42","66.1","65.26","65.43","1964322","0.009836","0.01528585","65.5525",
"BAYN.DE","2012-11-13","64.88","65.84","64.8","65.6","1892405","0.7184","1.11","65.28",
"BAYN.DE","2012-11-12","64.74","65.31","64.14","65.09","1221580","0.34444","0.54062","64.82",
"BAYN.DE","2012-11-09","65.53","65.87","64.01","64.68","2340630","-0.85617","-1.3","65.0225",
"BAYN.DE","2012-11-08","65.48","66.34","64.97","65.31","2443618","-0.17714","-0.25962","65.525",
"BAYN.DE","2012-11-07","67.65","67.75","65.02","65.21","2731516","-2.44","-3.61","66.4075",
"BAYN.DE","2012-11-06","66.88","67.2","66.58","67.11","1479813","0.22635","0.3439","66.9425",
"BAYN.DE","2012-11-05","65.94","66.78","65.85","66.55","1693183","0.61015","0.92508","66.28",
"BAYN.DE","2012-11-02","66.3","66.82","65.71","66.36","1565344","0.059043","0.09049774","66.2975",
"BAYN.DE","2012-11-01","65.94","66.96","65.7","66.43","1406154","0.49205","0.7431","66.2575",
"BAYN.DE","2012-10-31","66.82","67.28","66.12","66.12","2893785","-0.69872","-1.05","66.585",
"BAYN.DE","2012-10-30","65.47","66.57","65.18","66.57","1626156","1.1","1.68","65.9475",
"BAYN.DE","2012-10-29","65.67","65.98","65.37","65.44","1089215","-0.22635","-0.35024","65.615",
"BAYN.DE","2012-10-26","65.32","66.2","65.1","66.08","1663686","0.7676","1.16","65.675",
"BAYN.DE","2012-10-25","65.32","66.17","65.19","65.63","2166186","0.31491","0.47459","65.5775",
"BAYN.DE","2012-10-24","65.33","65.72","64.91","65.19","2287388","-0.14762","-0.2143","65.2875",
"BAYN.DE","2012-10-23","67.56","67.56","64.82","64.82","3108631","-2.74","-4.06","66.19",
"BAYN.DE","2012-10-22","67.69","67.91","67.21","67.4","1474417","-0.28539","-0.42842","67.5525",
"BAYN.DE","2012-10-19","68.12","68.36","67.48","67.96","4326764","-0.15746","-0.23488","67.98",
"BAYN.DE","2012-10-18","68.67","68.84","68.28","68.39","2475850","-0.28539","-0.40775","68.545",
"BAYN.DE","2012-10-17","69.31","69.38","68.35","68.51","2515858","-0.79712","-1.15","68.8875",
"BAYN.DE","2012-10-16","67.71","69.25","67.61","69.24","2602555","1.54","2.26","68.4525",
"BAYN.DE","2012-10-15","66.97","67.96","66.86","67.18","1471831","0.2165","0.31357","67.2425",
"BAYN.DE","2012-10-12","67.31","67.39","66.53","66.89","1659402","-0.42317","-0.62398","67.03",
"BAYN.DE","2012-10-11","66.52","67.9","66.37","67.48","2898068","0.96443","1.44","67.0675",
"BAYN.DE","2012-10-10","66.76","67.34","66.56","66.67","1842526","-0.088566","-0.13481","66.8325",
"BAYN.DE","2012-10-09","67.33","67.76","66.59","66.76","1584108","-0.57078","-0.84658","67.11",
"BAYN.DE","2012-10-08","67.17","67.5","66.47","67.15","1579707","-0.019679","-0.0297752","67.0725",
"BAYN.DE","2012-10-05","66.4","67.91","66.27","67.91","2148590","1.52","2.27","67.1225",
"BAYN.DE","2012-10-04","66.89","67.2","65.95","66.21","2313955","-0.67904","-1.02","66.5625",
"BAYN.DE","2012-10-03","65.96","66.86","65.77","66.53","1270186","0.56094","0.86416","66.28",
"BAYN.DE","2012-10-02","66.98","67.25","66.33","66.33","2095846","-0.64951","-0.97044","66.7225",
"BAYN.DE","2012-10-01","66.02","67.84","65.95","67.44","2845173","1.42","2.15","66.8125",
"BAYN.DE","2012-09-28","67.78","67.8","65.77","65.77","2976375","-2.01","-2.97","66.78",
"BAYN.DE","2012-09-27","66.92","67.66","66.74","67.31","2687343","0.39365","0.58279","67.1575",
"BAYN.DE","2012-09-26","66.86","67.23","66.23","66.43","2997134","-0.43301","-0.64313","66.6875",
"BAYN.DE","2012-09-25","66.96","67.45","66.69","67.26","2006721","0.30507","0.44803","67.09",
"BAYN.DE","2012-09-24","66.67","67.38","66.51","66.62","2474776","-0.049208","-0.07499625","66.795",
"BAYN.DE","2012-09-21","65","67.17","64.85","66.43","10107961","1.43","2.2","65.8625",
"BAYN.DE","2012-09-20","63.78","65.1","63.65","64.85","3497480","1.07","1.68","64.345",
"BAYN.DE","2012-09-19","64.16","64.54","63.98","64.39","2461248","0.22635","0.35848","64.2675",
"BAYN.DE","2012-09-18","64.1","64.87","63.89","64.07","2787459","-0.039365","-0.04680187","64.2325",
"BAYN.DE","2012-09-17","63.88","64.7","63.84","64.53","2713380","0.64951","1.02","64.2375",
"BAYN.DE","2012-09-14","65.44","65.44","63.56","63.87","3381752","-1.57","-2.4","64.5775",
"BAYN.DE","2012-09-13","64.46","64.73","63.89","64.34","2258755","-0.11809","-0.18616","64.355",
"BAYN.DE","2012-09-12","64.85","65.52","64.1","64.71","2958544","-0.14762","-0.21588","64.795",
"BAYN.DE","2012-09-11","63.32","64.44","62.88","64.43","2079697","1.11","1.75","63.7675",
"BAYN.DE","2012-09-10","63.94","64.13","62.99","63.39","2594873","-0.5511","-0.86018","63.6125",
"BAYN.DE","2012-09-07","64.74","64.77","63.77","64.18","3022606","-0.56094","-0.865","64.365",
"BAYN.DE","2012-09-06","62.14","64.61","62.04","64.49","4573568","2.35","3.78","63.32",
"BAYN.DE","2012-09-05","61.39","62.37","61.04","61.91","2001615","0.52157","0.84704","61.6775",
"BAYN.DE","2012-09-04","61.9","62.25","61.18","61.27","1794959","-0.62983","-1.02","61.65",
"BAYN.DE","2012-09-03","60.73","61.86","60.6","61.78","2152867","1.05","1.73","61.2425",
"BAYN.DE","2012-08-31","60.07","61.26","59.79","60.69","2522023","0.61998","1.03","60.4525",
"BAYN.DE","2012-08-30","60.79","60.99","60.06","60.22","2511617","-0.57078","-0.93765","60.515",
"BAYN.DE","2012-08-29","60.62","61.14","60.04","61.06","1664152","0.44285","0.72583","60.715",
"BAYN.DE","2012-08-28","60.77","60.96","60.35","60.65","1554466","-0.11809","-0.19747","60.6825",
"BAYN.DE","2012-08-27","60.22","61.24","60.12","61.24","1456222","1.02","1.69","60.705",
"BAYN.DE","2012-08-24","59.77","60.72","59.7","60.48","1795663","0.70855","1.19","60.1675",
"BAYN.DE","2012-08-23","61.05","61.21","59.54","59.74","2390979","-1.32","-2.15","60.385",
"BAYN.DE","2012-08-22","61.4","61.41","60.45","60.45","2341952","-0.94474","-1.55","60.9275",
"BAYN.DE","2012-08-21","61.9","61.92","61.54","61.61","2012083","-0.29524","-0.4685","61.7425",
"BAYN.DE","2012-08-20","61.68","62","61.58","61.75","1771414","0.068887","0.11349","61.7525",
"BAYN.DE","2012-08-17","62.36","62.36","61.49","61.63","3343006","-0.72824","-1.17","61.96",
"BAYN.DE","2012-08-16","62.33","62.37","61.58","62.2","2479097","-0.13777","-0.20857","62.12",
"BAYN.DE","2012-08-15","62.52","62.52","61.74","62.17","1569550","-0.35428","-0.55982","62.2375",
"BAYN.DE","2012-08-14","61.79","62.52","61.75","62.52","1876737","0.72824","1.18","62.145",
"BAYN.DE","2012-08-13","61.61","61.7","60.83","61.25","1335434","-0.35427","-0.58432","61.3475",
"BAYN.DE","2012-08-10","61.67","61.82","60.93","61.65","1670253","-0.019678","-0.03243068","61.5175",
"BAYN.DE","2012-08-09","62.44","62.44","61.24","62","2895278","-0.44285","-0.70468","62.03",
"BAYN.DE","2012-08-08","61.94","62.14","61.4","62.12","1959837","0.17714","0.2906","61.9",
"BAYN.DE","2012-08-07","61.28","62.25","61.26","62.03","2230402","0.74792","1.22","61.705",
"BAYN.DE","2012-08-06","61.64","61.75","60.99","61.38","2501930","-0.26571","-0.4218","61.44",
"BAYN.DE","2012-08-03","59.51","62.16","59.45","62","3231238","2.49","4.18","60.78",
"BAYN.DE","2012-08-02","61.01","62.25","59.58","59.64","3754455","-1.38","-2.25","60.62",
"BAYN.DE","2012-08-01","61.21","62.23","61.08","61.27","2501025","0.059044","0.0980232","61.4475",
"BAYN.DE","2012-07-31","60.57","62.85","60.57","60.93","4576747","0.35428","0.59435","61.23",
"BAYN.DE","2012-07-30","60","60.27","59.22","60.18","2495779","0.17714","0.3","59.9175",
"BAYN.DE","2012-07-27","58.85","60.02","58.11","60.02","3299949","1.17","1.99","59.25",
"BAYN.DE","2012-07-26","56.4","58.78","55.95","58.76","4534555","2.36","4.18","57.4725",
"BAYN.DE","2012-07-25","55.28","56.4","55.11","56.14","2203222","0.86602","1.56","55.7325",
"BAYN.DE","2012-07-24","56","56.46","55.66","55.66","2238522","-0.3346","-0.60714","55.945",
"BAYN.DE","2012-07-23","57.04","57.82","55.92","56.04","3294953","-1","-1.75","56.705",
"BAYN.DE","2012-07-20","58.85","59.48","57.61","57.61","4580617","-1.24","-2.11","58.3875",
"BAYN.DE","2012-07-19","58.49","59.44","58.38","58.83","3487991","0.34444","0.5813","58.785",
"BAYN.DE","2012-07-18","57.36","58.16","57.13","58.12","1866875","0.75776","1.32","57.6925",
"BAYN.DE","2012-07-17","56.72","57.5","56.72","57.25","2148501","0.52158","0.93441","57.0475",
"BAYN.DE","2012-07-16","57.17","57.51","56.54","56.66","2334465","-0.51174","-0.89208","56.97",
"BAYN.DE","2012-07-13","56.48","57.71","56.16","57.37","2328757","0.89554","1.58","56.93",
"BAYN.DE","2012-07-12","56.1","56.52","55.61","56.05","3073900","-0.049204","-0.08912656","56.07",
"BAYN.DE","2012-07-11","56.39","57.12","56.07","56.51","1510095","0.11809","0.2128","56.5225",
"BAYN.DE","2012-07-10","56.49","57.09","55.82","56.5","2037822","0.009839","0.01770225","56.475",
"BAYN.DE","2012-07-09","56.11","56.56","55.8","56.2","2514225","0.088571","0.1604","56.1675",
"BAYN.DE","2012-07-06","56.93","57.5","56.19","56.19","2695790","-0.73808","-1.3","56.7025",
"BAYN.DE","2012-07-05","57.28","57.77","56.35","56.93","3313688","-0.34444","-0.61103","57.0825",
"BAYN.DE","2012-07-04","57.32","57.57","56.76","57.45","2223493","0.12794","0.2268","57.275",
"BAYN.DE","2012-07-03","56.82","57.37","56.63","57.37","2629131","0.5511","0.96797","57.0475",
"BAYN.DE","2012-07-02","55.82","56.98","55.69","56.57","2658659","0.74792","1.34","56.265",
"BAYN.DE","2012-06-29","54.57","55.88","54.2","55.88","4518286","1.31","2.4","55.1325",
"BAYN.DE","2012-06-28","54.09","54.13","52.48","53.16","2861600","-0.92506","-1.72","53.465",
"BAYN.DE","2012-06-27","52.59","54.11","52.42","54.11","3129804","1.52","2.89","53.3075",
"BAYN.DE","2012-06-26","52.26","52.64","52.05","52.46","2303140","0.20667","0.3827","52.3525",
"BAYN.DE","2012-06-25","51.83","52.33","50.99","52.13","3470603","0.29523","0.57882","51.82",
"BAYN.DE","2012-06-22","52.8","52.97","51.86","52.03","3211677","-0.76761","-1.46","52.415",
"BAYN.DE","2012-06-21","53.2","54.09","53.01","53.34","2991703","0.13777","0.26316","53.41",
"BAYN.DE","2012-06-20","54.08","54.08","53.11","53.27","1930544","-0.80697","-1.5","53.635",
"BAYN.DE","2012-06-19","52.5","53.95","52.5","53.92","2430637","1.42","2.7","53.2175",
"BAYN.DE","2012-06-18","53.14","53.33","51.94","52.47","3067871","-0.66919","-1.26","52.72",
"BAYN.DE","2012-06-15","51.66","52.74","51.49","52.66","8764973","1","1.94","52.1375",
"BAYN.DE","2012-06-14","50.6","51.51","50.59","51.33","3550489","0.72824","1.44","51.0075",
"BAYN.DE","2012-06-13","50.19","50.77","49.85","50.63","3481521","0.44285","0.87667","50.36",
"BAYN.DE","2012-06-12","49.3","50.39","49.19","50.01","3248573","0.70856","1.44","49.7225",
"BAYN.DE","2012-06-11","49.76","50.24","49","49.26","3920606","-0.49205","-1","49.565",
"BAYN.DE","2012-06-08","48.55","48.71","48.06","48.68","2228403","0.13285","0.26777","48.5",
"BAYN.DE","2012-06-07","48.17","49.6","48.03","48.95","3652841","0.77745","1.62","48.6875",
"BAYN.DE","2012-06-06","47.49","48.5","47.29","47.86","3046165","0.36904","0.77911","47.785",
"BAYN.DE","2012-06-05","47.66","47.83","46.87","47.2","2129778","-0.45761","-0.96517","47.39",
"BAYN.DE","2012-06-04","47.73","48.16","47.03","47.66","2396084","-0.068888","-0.14666","47.645",
"BAYN.DE","2012-06-01","50.38","50.46","47.86","48.04","4581466","-2.34","-4.64","49.185",
"BAYN.DE","2012-05-31","50.76","50.8","49.55","50.33","3523819","-0.43301","-0.84712","50.36",
"BAYN.DE","2012-05-30","50.64","51.32","50.11","50.3","2804669","-0.34443","-0.67141","50.5925",
"BAYN.DE","2012-05-29","50.88","51.52","50.51","51.01","2239906","0.12794","0.2555","50.98",
"BAYN.DE","2012-05-28","50.67","51.13","50.11","50.19","1308812","-0.48221","-0.94731","50.525",
"BAYN.DE","2012-05-25","49.7","50.43","49.34","50.09","2233840","0.39364","0.78471","49.89",
"BAYN.DE","2012-05-24","49.81","50.02","49.07","49.65","3585385","-0.15746","-0.32122","49.6375",
"BAYN.DE","2012-05-23","50.63","50.99","49.72","50.03","3198049","-0.60031","-1.19","50.3425",
"BAYN.DE","2012-05-22","51","51.33","50.4","51.23","3127668","0.23619","0.45098","50.99",
"BAYN.DE","2012-05-21","49.61","51.39","49.43","50.95","3273421","1.34","2.7","50.345",
"BAYN.DE","2012-05-18","49.7","50.31","49.61","49.86","4056024","0.1673","0.32193","49.87",
"BAYN.DE","2012-05-17","50.75","51.11","49.87","50.19","1405821","-0.56094","-1.1","50.48",
"BAYN.DE","2012-05-16","49.89","51.14","49.84","50.47","2908333","0.58062","1.16","50.335",
"BAYN.DE","2012-05-15","51.17","51.46","49.91","50.37","2106475","-0.80697","-1.56","50.7275",
"BAYN.DE","2012-05-14","51.3","51.56","50.29","50.69","2862480","-0.61015","-1.19","50.96",
"BAYN.DE","2012-05-11","51.32","52.3","51.1","52.21","2035163","0.88569","1.73","51.7325",
"BAYN.DE","2012-05-10","52.58","52.58","50.83","51.66","3321113","-0.92506","-1.75","51.9125",
"BAYN.DE","2012-05-09","51.06","51.95","50.81","51.72","3558307","0.66919","1.29","51.385",
"BAYN.DE","2012-05-08","51.09","51.6","50.23","50.51","2445176","-0.58062","-1.14","50.8575",
"BAYN.DE","2012-05-07","50.11","51.43","50","51.35","2027544","1.24","2.47","50.7225",
"BAYN.DE","2012-05-04","52.36","52.5","51.06","51.17","2560485","-1.19","-2.27","51.7725",
"BAYN.DE","2012-05-03","52.81","53.54","52.16","52.54","2910632","-0.26571","-0.51127","52.7625",
"BAYN.DE","2012-05-02","53.48","53.83","52.08","52.34","3006335","-1.13","-2.13","52.9325",
"BAYN.DE","2012-04-30","53.63","53.77","52.36","52.36","2844649","-1.27","-2.37","53.03",
"BAYN.DE","2012-04-27","53.34","55.06","52.87","54.78","5088167","1.44","2.7","54.0125",
"BAYN.DE","2012-04-26","54.13","54.18","52.46","53.14","4274929","-0.98411","-1.83","53.4775",
"BAYN.DE","2012-04-25","51.74","52.62","51.31","52.36","3446164","0.61998","1.2","52.0075",
"BAYN.DE","2012-04-24","51.06","51.48","50.79","51.26","2531705","0.20666","0.3917","51.1475",
"BAYN.DE","2012-04-23","52.36","52.59","50.27","50.55","3542530","-1.81","-3.46","51.4425",
"BAYN.DE","2012-04-20","51.82","53.09","51.62","52.88","3561917","1.05","2.05","52.3525",
"BAYN.DE","2012-04-19","52.15","52.58","51.57","51.57","3680056","-0.58062","-1.11","51.9675",
"BAYN.DE","2012-04-18","51.58","52.14","51.34","51.7","2041938","0.11809","0.23265","51.69",
"BAYN.DE","2012-04-17","50.13","52.01","50.12","52.01","2901228","1.88","3.75","51.0675",
"BAYN.DE","2012-04-16","49.44","50.59","49.39","50.13","2109095","0.68887","1.4","49.8875",
"BAYN.DE","2012-04-13","50.69","51.06","49.44","49.7","3178125","-0.99395","-1.95","50.2225",
"BAYN.DE","2012-04-12","50.47","51.16","50.24","50.97","2821771","0.49205","0.99069","50.71",
"BAYN.DE","2012-04-11","50.22","50.87","49.76","50.38","2490349","0.15746","0.3186","50.3075",
"BAYN.DE","2012-04-10","50.93","51.41","49.88","49.88","3608410","-1.04","-2.06","50.525",
"BAYN.DE","2012-04-05","51.75","51.86","50.49","51.17","3093380","-0.58062","-1.12","51.3175",
"BAYN.DE","2012-04-04","52.76","52.97","51.33","51.54","2989276","-1.22","-2.31","52.15",
"BAYN.DE","2012-04-03","53.29","53.78","52.91","53.07","2674341","-0.21651","-0.41284","53.2625",
"BAYN.DE","2012-04-02","52.16","53.1","51.8","52.98","2763730","0.82665","1.57","52.51",
"BAYN.DE","2012-03-30","52.1","52.1","51.33","51.9","2429258","-0.19682","-0.38388","51.8575",
"BAYN.DE","2012-03-29","51.87","52.02","51.03","51.41","3079773","-0.46253","-0.88683","51.5825",
"BAYN.DE","2012-03-28","52.83","53.28","52.04","52.04","2291385","-0.78728","-1.5","52.5475",
"BAYN.DE","2012-03-27","53.24","53.63","52.86","52.9","1938434","-0.34444","-0.63862","53.1575",
"BAYN.DE","2012-03-26","53.09","53.59","52.51","52.97","2390161","-0.11809","-0.22603","53.04",
"BAYN.DE","2012-03-23","52.91","53.18","51.98","52.59","2012033","-0.31491","-0.6048","52.665",
"BAYN.DE","2012-03-22","53.53","53.65","52.28","52.75","3300111","-0.77745","-1.46","53.0525",
"BAYN.DE","2012-03-21","53.45","53.96","53.24","53.92","2291961","0.47237","0.87933","53.6425",
"BAYN.DE","2012-03-20","53.11","53.52","52.89","53.14","2217382","0.029522","0.05648654","53.165",
"BAYN.DE","2012-03-19","53.49","53.55","52.67","53.04","2123487","-0.44284","-0.84128","53.1875",
"BAYN.DE","2012-03-16","54.15","54.31","53.49","53.49","9014464","-0.65935","-1.22","53.86",
"BAYN.DE","2012-03-15","53.99","54.28","53.54","54.28","3601770","0.29523","0.53714","54.0225",
"BAYN.DE","2012-03-14","54.91","55.02","53.82","54.38","3160857","-0.53142","-0.96522","54.5325",
"BAYN.DE","2012-03-13","54.45","55.05","54.03","54.75","2416143","0.29523","0.55096","54.57",
"BAYN.DE","2012-03-12","53.79","54.12","53.42","54.1","1583248","0.30507","0.57632","53.8575",
"BAYN.DE","2012-03-09","53.78","54.13","53.31","53.83","2397701","0.049204","0.09297136","53.7625",
"BAYN.DE","2012-03-08","52.72","53.91","52.33","53.81","3695250","1.09","2.07","53.1925",
"BAYN.DE","2012-03-07","52.06","52.55","51.83","52.48","2041244","0.42317","0.80676","52.23",
"BAYN.DE","2012-03-06","53.99","54.1","52.16","52.16","3262124","-1.83","-3.39","53.1025",
"BAYN.DE","2012-03-05","54.49","54.74","54.05","54.34","2514256","-0.14761","-0.27528","54.405",
"BAYN.DE","2012-03-02","55.65","55.79","54.75","54.77","2638895","-0.88569","-1.58","55.24",
"BAYN.DE","2012-03-01","54.5","55.71","54.39","55.71","3102901","1.21","2.22","55.0775",
"BAYN.DE","2012-02-29","55.11","55.63","54.51","54.62","2581338","-0.49205","-0.88913","54.9675",
"BAYN.DE","2012-02-28","54.01","55.11","53.77","54.95","3171512","0.94474","1.74","54.46",
"BAYN.DE","2012-02-27","54.79","55.24","53.92","55.02","1962128","0.23619","0.41978","54.7425",
"BAYN.DE","2012-02-24","55.22","55.44","54.58","55.01","2190630","-0.20666","-0.3803","55.0625",
"BAYN.DE","2012-02-23","55.37","56.06","54.41","55.13","3676862","-0.23618","-0.43345","55.2425",
"BAYN.DE","2012-02-22","55.46","55.86","54.86","55.18","2330429","-0.28539","-0.50487","55.34",
"BAYN.DE","2012-02-21","56.55","57.05","55.42","55.74","2530748","-0.80697","-1.43","56.19",
"BAYN.DE","2012-02-20","55.55","56.52","55.36","56.4","2041715","0.84633","1.53","55.9575",
"BAYN.DE","2012-02-17","55.09","55.76","54.92","55.28","2963212","0.18698","0.34489","55.2625",
"BAYN.DE","2012-02-16","54.11","54.74","53.8","54.74","2408663","0.62983","1.16","54.3475",
"BAYN.DE","2012-02-15","54.52","55.09","54.41","54.68","1829784","0.15746","0.29347","54.675",
"BAYN.DE","2012-02-14","53.96","54.47","53.75","54.13","1484988","0.1673","0.31505","54.0775",
"BAYN.DE","2012-02-13","53.48","54.22","53.34","54.13","1630678","0.64951","1.22","53.7925",
"BAYN.DE","2012-02-10","53.93","54.36","53.17","53.34","2387573","-0.59046","-1.09","53.7",
"BAYN.DE","2012-02-09","53.84","54.77","53.65","54.36","2855002","0.52158","0.96582","54.155",
"BAYN.DE","2012-02-08","54.3","54.74","53.46","53.57","1686563","-0.72824","-1.34","54.0175",
"BAYN.DE","2012-02-07","54.39","54.45","53.58","54.16","1934949","-0.23619","-0.42287","54.145",
"BAYN.DE","2012-02-06","54.13","54.5","53.56","54.37","1463706","0.24603","0.44338","54.14",
"BAYN.DE","2012-02-03","53.56","54.65","53.17","54.21","2353493","0.65935","1.21","53.8975",
"BAYN.DE","2012-02-02","53.77","53.94","53.27","53.45","2967299","-0.32475","-0.59513","53.6075",
"BAYN.DE","2012-02-01","52.87","53.83","52.74","53.54","2948654","0.66919","1.27","53.245",
"BAYN.DE","2012-01-31","52.55","53.11","52.29","52.69","2529468","0.13777","0.26641","52.66",
"BAYN.DE","2012-01-30","52.15","52.36","51.7","52.19","1943527","0.039361","0.07670182","52.1",
"BAYN.DE","2012-01-27","52.75","53.23","52.48","52.55","2903125","-0.19682","-0.37915","52.7525",
"BAYN.DE","2012-01-26","52.44","53.45","51.98","53.06","3477932","0.61998","1.18","52.7325",
"BAYN.DE","2012-01-25","52.5","52.53","51.3","51.82","2529493","-0.67903","-1.3","52.0375",
"BAYN.DE","2012-01-24","52.14","52.61","51.81","52.41","2338366","0.27555","0.51784","52.2425",
"BAYN.DE","2012-01-23","52.55","52.59","51.48","52.4","2766024","-0.14762","-0.28544","52.255",
"BAYN.DE","2012-01-20","52.66","52.99","52.17","52.67","4305648","0.009843","0.01898975","52.6225",
"BAYN.DE","2012-01-19","54.03","54.12","52.75","53.34","4055299","-0.68888","-1.28","53.56",
"BAYN.DE","2012-01-18","54.07","54.41","53.46","54","3401657","-0.068888","-0.12946","53.985",
"BAYN.DE","2012-01-17","53.62","53.99","52.78","53.99","2722335","0.36412","0.69004","53.595",
"BAYN.DE","2012-01-16","51.8","53.04","51.8","53.04","1931674","1.24","2.39","52.42",
"BAYN.DE","2012-01-13","53.39","53.54","51.46","51.98","3474112","-1.41","-2.64","52.5925",
"BAYN.DE","2012-01-12","52.31","53.23","52.12","53.01","2939194","0.70855","1.34","52.6675",
"BAYN.DE","2012-01-11","52.74","53.14","51.53","52.16","2726382","-0.58062","-1.1","52.3925",
"BAYN.DE","2012-01-10","51.43","53.13","51.25","53.03","3871768","1.6","3.11","52.21",
"BAYN.DE","2012-01-09","50.84","51.16","50.06","50.44","1933234","-0.40348","-0.78678","50.625",
"BAYN.DE","2012-01-06","51.59","51.84","50.24","50.95","2435772","-0.63967","-1.24","51.155",
"BAYN.DE","2012-01-05","50.72","51.63","50.41","51.44","3074901","0.7184","1.42","51.05",
"BAYN.DE","2012-01-04","50.45","50.82","50.12","50.68","2417374","0.23619","0.4559","50.5175",
"BAYN.DE","2012-01-03","50.54","50.97","50.34","50.8","3086516","0.25587","0.51444","50.6625",
"BAYN.DE","2012-01-02","48.37","50.06","48.27","50","2647035","1.63","3.37","49.175",
"BAYN.DE","2011-12-30","48.22","48.61","47.46","48.61","1277431","0.39364","0.80879","48.225",
"BAYN.DE","2011-12-29","46.93","47.96","46.89","47.96","2119104","1.02","2.19","47.435",
"BAYN.DE","2011-12-28","47.48","47.96","46.61","46.61","1529007","-0.87093","-1.83","47.165",
"BAYN.DE","2011-12-27","47.26","48.17","47.26","47.5","860259","0.2411","0.50783","47.5475",
"BAYN.DE","2011-12-23","47.62","47.68","46.76","47.37","1243074","-0.25095","-0.52499","47.3575",
"BAYN.DE","2011-12-22","46.58","47.22","46.48","47.16","2871357","0.58062","1.25","46.86",
"BAYN.DE","2011-12-21","46.82","47.39","46.15","46.3","3279371","-0.52158","-1.11","46.665",
"BAYN.DE","2011-12-20","44.1","46.32","43.88","46.24","3517217","2.14","4.85","45.135",
"BAYN.DE","2011-12-19","43.96","44.73","43.76","44.04","2364539","0.083648","0.18198","44.1225",
"BAYN.DE","2011-12-16","44.67","45.22","44.31","44.33","9087956","-0.33952","-0.76114","44.6325",
"BAYN.DE","2011-12-15","44.36","44.58","43.59","44.27","4325463","-0.08857","-0.20289","44.2",
"BAYN.DE","2011-12-14","44.69","44.91","44.07","44.09","3313998","-0.60031","-1.34","44.44",
"BAYN.DE","2011-12-13","45.29","45.84","44.54","45","2755244","-0.28539","-0.64032","45.1675",
"BAYN.DE","2011-12-12","46.2","46.24","45.09","45.09","2950282","-1.11","-2.4","45.655",
"BAYN.DE","2011-12-09","45.27","46.77","44.98","46.62","3265412","1.35","2.98","45.91",
"BAYN.DE","2011-12-08","46.69","47.42","45.7","45.73","3759950","-0.9595","-2.06","46.385",
"BAYN.DE","2011-12-07","47.06","47.18","45.65","46.43","2746235","-0.63967","-1.34","46.58",
"BAYN.DE","2011-12-06","46.68","47.04","46.16","46.29","4098349","-0.38872","-0.83548","46.5425",
"BAYN.DE","2011-12-05","47.34","47.61","46.68","46.89","2602252","-0.44777","-0.95057","47.13",
"BAYN.DE","2011-12-02","47.35","47.48","46.27","46.54","2874517","-0.80205","-1.71","46.91",
"BAYN.DE","2011-12-01","47.54","47.89","46.26","46.59","4454150","-0.94474","-2","47.07",
"BAYN.DE","2011-11-30","44.92","48.49","44.61","47.99","6240556","3.07","6.83","46.5025",
"BAYN.DE","2011-11-29","44.81","45.53","44.25","45.06","2431071","0.25587","0.55791","44.9125",
"BAYN.DE","2011-11-28","43.44","44.87","43.33","44.87","3556017","1.43","3.29","44.1275",
"BAYN.DE","2011-11-25","42.17","43.08","41.71","42.8","2303081","0.63475","1.49","42.44",
"BAYN.DE","2011-11-24","42.89","43.59","41.95","42.16","2672559","-0.72332","-1.7","42.6475",
"BAYN.DE","2011-11-23","42.91","43.84","42.72","42.72","3141063","-0.1919","-0.44279","43.0475",
"BAYN.DE","2011-11-22","44.27","44.42","43.28","43.28","2238862","-0.99395","-2.24","43.8125",
"BAYN.DE","2011-11-21","45.33","45.35","43.6","43.69","3783274","-1.64","-3.62","44.4925",
"BAYN.DE","2011-11-18","45.57","46.27","45","45.41","3428575","-0.16238","-0.35111","45.5625",
"BAYN.DE","2011-11-17","46.36","46.87","45.48","46.04","2600236","-0.31984","-0.69025","46.1875",
"BAYN.DE","2011-11-16","46.26","47.78","46.02","46.62","2976407","0.36412","0.77821","46.67",
"BAYN.DE","2011-11-15","45.78","47.24","45.27","46.49","3297583","0.71348","1.55","46.195",
"BAYN.DE","2011-11-14","48.22","48.36","46.03","46.28","3336427","-1.94","-4.02","47.2225",
"BAYN.DE","2011-11-11","45.72","47.93","45.51","47.33","4047876","1.61","3.52","46.6225",
"BAYN.DE","2011-11-10","44.06","46.05","44","45.7","3153872","1.64","3.72","44.9525",
"BAYN.DE","2011-11-09","46.29","46.64","44.1","45.03","3849520","-1.26","-2.72","45.515",
"BAYN.DE","2011-11-08","45.52","46.93","45.4","45.81","3147231","0.28539","0.63708","45.915",
"BAYN.DE","2011-11-07","45.96","46.4","44.85","45.29","5707422","-0.66427","-1.46","45.625",
"BAYN.DE","2011-11-04","46.12","46.53","44.05","44.18","3891974","-1.93","-4.21","45.22",
"BAYN.DE","2011-11-03","43.57","46.4","43.32","45.89","6015441","2.32","5.32","44.795",
"BAYN.DE","2011-11-02","43.26","44.91","42.73","44.6","3908497","1.34","3.1","43.875",
"BAYN.DE","2011-11-01","44.26","44.62","42.53","42.69","5679786","-1.57","-3.55","43.525",
"BAYN.DE","2011-10-31","46.88","47.55","45.56","45.56","4123136","-1.32","-2.82","46.3875",
"BAYN.DE","2011-10-28","47.82","48.28","46.74","47.07","4051727","-0.75284","-1.57","47.4775",
"BAYN.DE","2011-10-27","47.13","47.32","45.55","47.24","6491614","0.11317","0.2334","46.81",
"BAYN.DE","2011-10-26","44.24","44.63","43.35","44.1","3167321","-0.13777","-0.31646","44.08",
"BAYN.DE","2011-10-25","44.01","45.07","43.25","43.91","3104437","-0.10333","-0.22722","44.06",
"BAYN.DE","2011-10-24","44.26","44.37","43.3","44.15","2775624","-0.10825","-0.24853","44.02",
"BAYN.DE","2011-10-21","42.67","44.06","42.11","44.04","4694797","1.37","3.21","43.22",
"BAYN.DE","2011-10-20","42.79","44","42.45","42.45","3834890","-0.33952","-0.79458","42.9225",
"BAYN.DE","2011-10-19","43.94","43.99","43.05","43.38","2360618","-0.55602","-1.27","43.59",
"BAYN.DE","2011-10-18","42.84","44.1","42.6","43.71","2250921","0.87094","2.03","43.3125",
"BAYN.DE","2011-10-17","44.46","45.04","42.96","43.3","2885514","-1.16","-2.61","43.94",
"BAYN.DE","2011-10-14","43.75","44.95","43.61","44.13","2986586","0.37888","0.86857","44.11",
"BAYN.DE","2011-10-13","43.89","44.1","42.93","43.54","3921304","-0.35427","-0.79745","43.615",
"BAYN.DE","2011-10-12","43.03","44.38","42.73","44.14","4529678","1.11","2.58","43.57",
"BAYN.DE","2011-10-11","41.36","43.22","41.18","42.91","4600940","1.55","3.75","42.1675",
"BAYN.DE","2011-10-10","40.83","41.59","40.09","41.5","3273815","0.67411","1.64","41.0025",
"BAYN.DE","2011-10-07","40.65","40.72","39.57","40.25","4250314","-0.40348","-0.98401","40.2975",
"BAYN.DE","2011-10-06","39.74","40.49","39.18","40.49","5098446","0.74792","1.89","39.975",
"BAYN.DE","2011-10-05","39.64","39.76","38.54","39.46","4663056","-0.17714","-0.45409","39.35",
"BAYN.DE","2011-10-04","39.37","39.41","38.2","38.86","3753944","-0.51173","-1.3","38.96",
"BAYN.DE","2011-10-03","39.61","40.37","38.48","39.93","2910543","0.31984","0.80788","39.5975",
"BAYN.DE","2011-09-30","41.56","42.23","40.4","40.79","4489830","-0.7676","-1.85","41.245",
"BAYN.DE","2011-09-29","41.23","42.09","40.84","41.33","2802764","0.098409","0.24254","41.3725",
"BAYN.DE","2011-09-28","41.24","42.51","40.56","41.15","3266302","-0.093488","-0.21823","41.365",
"BAYN.DE","2011-09-27","41.53","41.53","40.34","41.45","5301856","-0.07873","-0.19263","41.2125",
"BAYN.DE","2011-09-26","39.61","41.23","39.33","40.45","6211493","0.84141","2.12","40.155",
"BAYN.DE","2011-09-23","36.54","38.99","35","38.79","10007900","2.25","6.16","37.33",
"BAYN.DE","2011-09-22","36.72","37.05","35.97","36.23","5261133","-0.48714","-1.33","36.4925",
"BAYN.DE","2011-09-21","38.64","38.67","37.66","37.78","3277733","-0.86109","-2.23","38.1875",
"BAYN.DE","2011-09-20","37.46","38.58","37.26","38.42","3441869","0.96442","2.56","37.93",
"BAYN.DE","2011-09-19","38.1","38.62","37.24","37.67","3491142","-0.43301","-1.13","37.9075",
"BAYN.DE","2011-09-16","38.95","39.33","38","38.91","9187148","-0.039365","-0.1027","38.7975",
"BAYN.DE","2011-09-15","37.87","39.36","37.87","38.34","5560395","0.47237","1.24","38.36",
"BAYN.DE","2011-09-14","37.26","38.32","37.08","38.12","5397233","0.86109","2.31","37.695",
"BAYN.DE","2011-09-13","38.49","38.69","36.9","37.77","4985649","-0.72824","-1.87","37.9625",
"BAYN.DE","2011-09-12","37.2","38.34","36.79","37.83","5667124","0.62983","1.69","37.54",
"BAYN.DE","2011-09-09","40.35","40.48","37.95","38.38","10628412","-1.97","-4.88","39.29",
"BAYN.DE","2011-09-08","38.23","38.48","37.28","38.35","6017633","0.1181","0.31389","38.085",
"BAYN.DE","2011-09-07","38.08","38.43","35.67","38.43","10386768","0.34444","0.91912","37.6525",
"BAYN.DE","2011-09-06","40.28","41.46","34.8","37.15","18112510","-3.13","-7.77","38.4225",
"BAYN.DE","2011-09-05","40.87","41.49","39.81","40.18","4405751","-0.69379","-1.69","40.5875",
"BAYN.DE","2011-09-02","42.86","43.1","41.35","42.12","6310568","-0.73316","-1.73","42.3575",
"BAYN.DE","2011-09-01","44.24","44.47","43.09","43.73","3816718","-0.5019","-1.15","43.8825",
"BAYN.DE","2011-08-31","43.51","44.81","42.98","44.18","5244966","0.66427","1.54","43.87",
"BAYN.DE","2011-08-30","43.92","44.03","42.62","43.19","3205220","-0.73316","-1.66","43.44",
"BAYN.DE","2011-08-29","43.23","43.96","42.64","43.75","2532267","0.52158","1.2","43.395",
"BAYN.DE","2011-08-26","43.24","43.3","41.42","42.64","3907360","-0.6003","-1.39","42.65",
"BAYN.DE","2011-08-25","44.87","45.44","41.7","43.18","5954782","-1.69","-3.77","43.7975",
"BAYN.DE","2011-08-24","43.83","44.85","43.13","44.38","3768090","0.5511","1.25","44.0475",
"BAYN.DE","2011-08-23","42.94","44.17","42.78","43.47","4143131","0.53142","1.23","43.34",
"BAYN.DE","2011-08-22","41.9","43.42","41.63","42.71","3430941","0.80697","1.93","42.415",
"BAYN.DE","2011-08-19","43.17","43.39","41.33","42.33","6869838","-0.84141","-1.95","42.555",
"BAYN.DE","2011-08-18","44.63","44.91","42.34","43.17","6100567","-1.47","-3.27","43.7625",
"BAYN.DE","2011-08-17","45.32","45.95","44.8","45.34","2981796","0.019683","0.04413063","45.3525",
"BAYN.DE","2011-08-16","44.9","45.51","43.83","45.51","3763518","0.60523","1.36","44.9375",
"BAYN.DE","2011-08-15","45.4","45.94","45.12","45.5","3489529","0.098414","0.22026","45.49",
"BAYN.DE","2011-08-12","43.65","45.21","42.89","44.91","5424577","1.26","2.89","44.165",
"BAYN.DE","2011-08-11","43.12","43.94","40.67","43.71","8855815","0.58554","1.37","42.86",
"BAYN.DE","2011-08-10","45.2","45.65","41.41","41.83","10882073","-3.37","-7.46","43.5225",
"BAYN.DE","2011-08-09","45.76","46.7","41.41","44.31","12659365","-1.45","-3.17","44.545",
"BAYN.DE","2011-08-08","46.94","48.35","45.91","45.98","6957627","-0.95951","-2.05","46.795",
"BAYN.DE","2011-08-05","48.55","49.95","47.55","47.95","6960085","-0.60031","-1.24","48.5",
"BAYN.DE","2011-08-04","52.01","52.23","49.55","49.85","4821324","-2.17","-4.15","50.91",
"BAYN.DE","2011-08-03","51.85","52.31","50.33","51.33","5053678","-0.52158","-1","51.455",
"BAYN.DE","2011-08-02","52.48","53.25","52.18","52.19","3635108","-0.29523","-0.55259","52.525",
"BAYN.DE","2011-08-01","55.59","55.78","53.21","53.21","3361356","-2.38","-4.28","54.4475",
"BAYN.DE","2011-07-29","55.22","55.5","54.72","55.04","3124133","-0.17714","-0.32597","55.12",
"BAYN.DE","2011-07-28","55.68","56.17","54.63","55.95","3942708","0.2657","0.48491","55.6075",
"BAYN.DE","2011-07-27","57.55","57.63","56.43","56.62","2924492","-0.9349","-1.62","57.0575",
"BAYN.DE","2011-07-26","56.68","57.71","56.46","57.37","3688465","0.68888","1.22","57.055",
"BAYN.DE","2011-07-25","55.69","56.66","55.17","56.44","2226615","0.74792","1.35","55.99",
"BAYN.DE","2011-07-22","56.04","56.08","54.93","55.73","1773056","-0.31491","-0.55318","55.695",
"BAYN.DE","2011-07-21","55.17","56.05","54.65","55.77","2136836","0.6003","1.09","55.41",
"BAYN.DE","2011-07-20","55.79","55.99","54.7","55.05","2356084","-0.73808","-1.33","55.3825",
"BAYN.DE","2011-07-19","54.96","55.74","54.96","55.42","2417280","0.46253","0.83697","55.27",
"BAYN.DE","2011-07-18","53.86","55.16","53.78","54.81","2486584","0.95458","1.76","54.4025",
"BAYN.DE","2011-07-15","53.88","54.96","53.63","54.62","4007376","0.73808","1.37","54.2725",
"BAYN.DE","2011-07-14","54.53","54.78","53.94","54.03","2193898","-0.50189","-0.91693","54.32",
"BAYN.DE","2011-07-13","54.72","55.01","54.15","54.53","2632966","-0.18698","-0.34722","54.6025",
"BAYN.DE","2011-07-12","54.25","54.89","53.35","54.8","3722682","0.54126","1.01","54.3225",
"BAYN.DE","2011-07-11","55.12","55.79","54.9","55.2","3348139","0.078731","0.14514","55.2525",
"BAYN.DE","2011-07-08","57.12","57.56","56.45","56.48","2795558","-0.63967","-1.12","56.9025",
"BAYN.DE","2011-07-07","56.78","57.25","56.59","56.97","2397305","0.18698","0.33462","56.8975",
"BAYN.DE","2011-07-06","55.75","56.39","55.67","56.36","2527097","0.61014","1.09","56.0425",
"BAYN.DE","2011-07-05","55.43","55.86","55.34","55.61","1863377","0.17714","0.32473","55.56",
"BAYN.DE","2011-07-04","55.36","55.98","55.26","55.53","2341615","0.17714","0.30708","55.5325",
"BAYN.DE","2011-07-01","54.59","54.98","54.32","54.79","2110375","0.19682","0.36637","54.67",
"BAYN.DE","2011-06-30","53.81","54.76","53.81","54.56","2356815","0.74792","1.39","54.235",
"BAYN.DE","2011-06-29","53.46","54.09","53.22","53.92","3070827","0.46253","0.86046","53.6725",
"BAYN.DE","2011-06-28","53.15","53.34","52.6","53.03","3070845","-0.11809","-0.22578","53.03",
"BAYN.DE","2011-06-27","53.19","53.34","52.66","52.85","3223408","-0.34443","-0.63922","53.01",
"BAYN.DE","2011-06-24","54.03","54.51","53.16","53.22","4248542","-0.80697","-1.5","53.73",
"BAYN.DE","2011-06-23","54.4","54.56","52.67","53.54","9802168","-0.86601","-1.58","53.7925",
"BAYN.DE","2011-06-22","56.79","57.36","56.49","57.11","2268944","0.31491","0.56348","56.9375",
"BAYN.DE","2011-06-21","56.88","57.01","56.21","56.76","2888006","-0.11809","-0.21097","56.715",
"BAYN.DE","2011-06-20","55.65","56.76","55.53","56.48","2236853","0.82665","1.49","56.105",
"BAYN.DE","2011-06-17","56.09","57.07","55.39","56.65","7201387","0.5511","0.9984","56.3",
"BAYN.DE","2011-06-16","55.22","56.42","54.82","56.42","3974154","1.2","2.17","55.72",
"BAYN.DE","2011-06-15","55.82","55.98","54.85","55.34","2441522","-0.48221","-0.85991","55.4975",
"BAYN.DE","2011-06-14","55.25","56.31","55.25","56.1","2846062","0.85617","1.54","55.7275",
"BAYN.DE","2011-06-13","54.91","55.14","54.57","54.83","1410097","-0.078727","-0.14569","54.8625",
"BAYN.DE","2011-06-10","55.36","55.58","54.53","54.68","2710793","-0.67903","-1.23","55.0375",
"BAYN.DE","2011-06-09","54.32","55.26","54.13","55.13","2795181","0.80697","1.49","54.71",
"BAYN.DE","2011-06-08","54.67","54.94","53.84","54.45","2899260","-0.2165","-0.40241","54.475",
"BAYN.DE","2011-06-07","55.42","55.6","54.88","55.15","2020454","-0.27555","-0.48719","55.2625",
"BAYN.DE","2011-06-06","55.61","55.87","55.2","55.36","3247900","-0.25587","-0.44956","55.51",
"BAYN.DE","2011-06-03","54.25","54.74","53.83","54.55","2156037","0.29523","0.553","54.3425",
"BAYN.DE","2011-06-02","54.88","55.39","54.25","54.25","1661830","-0.62983","-1.15","54.6925",
"BAYN.DE","2011-06-01","56.29","56.32","55.53","55.7","2514686","-0.59047","-1.05","55.96",
"BAYN.DE","2011-05-31","55.7","56.54","55.57","56.04","3358655","0.34444","0.61041","55.9625",
"BAYN.DE","2011-05-30","54.62","55.46","54.54","54.93","1341622","0.31491","0.56756","54.8875",
"BAYN.DE","2011-05-27","54.37","54.78","53.87","54.39","2331804","0.019682","0.03678499","54.3525",
"BAYN.DE","2011-05-26","54.47","54.62","53.36","53.84","4195111","-0.62983","-1.16","54.0725",
"BAYN.DE","2011-05-25","54.37","55.21","54.18","54.86","3684736","0.49205","0.90123","54.655",
"BAYN.DE","2011-05-24","55.25","55.92","55.04","55.32","2082601","0.068887","0.1267","55.3825",
"BAYN.DE","2011-05-23","55.16","55.51","54.78","54.92","2470075","-0.23618","-0.4351","55.0925",
"BAYN.DE","2011-05-20","57.07","57.33","55.53","56.05","12499490","-1.01","-1.79","56.495",
"BAYN.DE","2011-05-19","57.91","58.01","56.76","56.89","2573056","-1.02","-1.76","57.3925",
"BAYN.DE","2011-05-18","56.82","57.07","56.26","57.02","2473761","0.19682","0.35199","56.7925",
"BAYN.DE","2011-05-17","57.29","57.3","55.99","56.09","2944333","-1.2","-2.09","56.6675",
"BAYN.DE","2011-05-16","57.06","58.04","56.75","57.47","2654815","0.41333","0.71854","57.33",
"BAYN.DE","2011-05-13","57.3","58.07","57.05","57.28","2460655","-0.019684","-0.03490401","57.425",
"BAYN.DE","2011-05-12","57.33","57.38","56.43","56.97","2986107","-0.36412","-0.62794","57.0275",
"BAYN.DE","2011-05-11","57.88","58.29","57.59","57.73","2826126","-0.14762","-0.25916","57.8725",
"BAYN.DE","2011-05-10","57.08","57.98","56.84","57.54","2260504","0.46253","0.80589","57.36",
"BAYN.DE","2011-05-09","58.11","58.18","56.6","56.81","3675428","-1.3","-2.24","57.425",
"BAYN.DE","2011-05-06","57.24","58.5","56.76","58.04","3425629","0.80697","1.4","57.635",
"BAYN.DE","2011-05-05","56.85","57.1","55.97","57.06","3078061","0.20666","0.36939","56.745",
"BAYN.DE","2011-05-04","56.78","57.94","56.32","56.48","4032507","-0.30508","-0.52836","56.88",
"BAYN.DE","2011-05-03","57.08","57.62","56.94","57.62","2851769","0.54126","0.94604","57.315",
"BAYN.DE","2011-05-02","57.87","58.22","57.21","57.21","3235193","-0.65935","-1.14","57.6275",
"BAYN.DE","2011-04-29","58.06","58.41","57.6","58.41","19012329","0.34443","0.60282","58.12",
"BAYN.DE","2011-04-28","57.13","57.98","56.66","57.78","20927287","0.64951","1.14","57.3875",
"BAYN.DE","2011-04-27","56.34","56.78","56.11","56.63","2840495","0.28539","0.51473","56.465",
"BAYN.DE","2011-04-26","55.66","56.21","55.4","56.21","1947139","0.5511","0.98814","55.87",
"BAYN.DE","2011-04-21","56.24","56.28","55.49","55.73","2209082","-0.51174","-0.90683","55.935",
"BAYN.DE","2011-04-20","53.54","55.46","53.54","55.46","3263029","1.93","3.59","54.5",
"BAYN.DE","2011-04-19","53.62","53.81","52.99","53.16","2208894","-0.46253","-0.85789","53.395",
"BAYN.DE","2011-04-18","53.63","54.31","53.18","53.58","2692766","-0.049204","-0.0932314","53.675",
"BAYN.DE","2011-04-15","54.62","54.99","54.32","54.72","4082635","0.098409","0.18308","54.6625",
"BAYN.DE","2011-04-14","54.56","54.83","54.03","54.58","1992174","0.019682","0.03665689","54.5",
"BAYN.DE","2011-04-13","53.99","55","53.79","54.81","2565005","0.82665","1.52","54.3975",
"BAYN.DE","2011-04-12","53.93","54.44","53.65","53.88","2705924","-0.049205","-0.09271278","53.975",
"BAYN.DE","2011-04-11","53.88","54.69","53.8","54.51","2336647","0.62983","1.17","54.22",
"BAYN.DE","2011-04-08","53.73","54.12","53.59","54.12","1894305","0.38381","0.72585","53.89",
"BAYN.DE","2011-04-07","53.93","54.11","53.62","53.65","2477901","-0.27555","-0.51919","53.8275",
"BAYN.DE","2011-04-06","54.13","54.25","53.64","53.9","2805469","-0.22634","-0.4249","53.98",
"BAYN.DE","2011-04-05","55.72","55.85","53.05","53.78","7480154","-1.94","-3.48","54.6",
"BAYN.DE","2011-04-04","55.31","56.01","55.24","55.81","2451201","0.50189","0.904","55.5925",
"BAYN.DE","2011-04-01","54.1","55.59","54.07","55.3","3514226","1.2","2.22","54.765",
"BAYN.DE","2011-03-31","54.06","54.42","53.53","53.77","2514780","-0.28539","-0.53644","53.945",
"BAYN.DE","2011-03-30","54.15","54.58","53.64","53.72","2810337","-0.42317","-0.79409","54.0225",
"BAYN.DE","2011-03-29","52.6","53.61","52.21","53.44","3414583","0.83649","1.6","52.965",
"BAYN.DE","2011-03-28","52.45","52.99","52.2","52.24","1444300","-0.2165","-0.40038","52.47",
"BAYN.DE","2011-03-25","52.8","53.02","52.14","52.45","1965887","-0.34444","-0.66288","52.6025",
"BAYN.DE","2011-03-24","51.96","52.9","51.83","52.76","2212439","0.79713","1.54","52.3625",
"BAYN.DE","2011-03-23","52.26","52.54","51.42","52.02","2815094","-0.23618","-0.45924","52.06",
"BAYN.DE","2011-03-22","52.16","52.68","52.01","52.28","2061039","0.11809","0.23006","52.2825",
"BAYN.DE","2011-03-21","51.65","52.62","51.37","52.38","3930301","0.73808","1.41","52.005",
"BAYN.DE","2011-03-18","51.57","52.58","51.09","51.16","8211866","-0.40348","-0.79504","51.6",
"BAYN.DE","2011-03-17","50.61","51.61","49.71","51.54","4640811","0.92506","1.84","50.8675",
"BAYN.DE","2011-03-16","52.08","52.16","50","50.36","4836989","-1.72","-3.3","51.15",
"BAYN.DE","2011-03-15","52.74","53.03","50.36","51.6","7351402","-1.14","-2.16","51.9325",
"BAYN.DE","2011-03-14","54.04","54.62","53.34","53.5","2744077","-0.54126","-0.99926","53.875",
"BAYN.DE","2011-03-11","53.97","54.23","53.5","53.77","2717076","-0.19682","-0.37058","53.8675",
"BAYN.DE","2011-03-10","54.46","54.86","53.83","54.31","2774379","-0.14762","-0.27543","54.365",
"BAYN.DE","2011-03-09","55.04","55.86","54.8","55.01","2269171","-0.029522","-0.05450581","55.1775",
"BAYN.DE","2011-03-08","55.78","55.95","54.6","55.29","2158454","-0.49205","-0.87845","55.405",
"BAYN.DE","2011-03-07","55.8","56.5","55.23","55.5","1830397","-0.29523","-0.53763","55.7575",
"BAYN.DE","2011-03-04","56.29","56.77","55.53","55.73","2355679","-0.56094","-0.99485","56.08",
"BAYN.DE","2011-03-03","55.55","56.66","55.39","56.22","3363385","0.66919","1.21","55.955",
"BAYN.DE","2011-03-02","54.37","55.44","54.37","55","2580662","0.62983","1.16","54.795",
"BAYN.DE","2011-03-01","55.49","55.75","54.56","54.8","3364927","-0.68887","-1.24","55.15",
"BAYN.DE","2011-02-28","53.73","55.37","53.37","55.29","3636609","1.55","2.9","54.44",
"BAYN.DE","2011-02-25","54.41","54.53","53.87","53.93","2475462","-0.48221","-0.88219","54.185",
"BAYN.DE","2011-02-24","53.84","54.98","53.64","54.13","2604071","0.28539","0.53863","54.1475",
"BAYN.DE","2011-02-23","54.43","54.85","54.02","54.22","2327842","-0.20667","-0.38582","54.38",
"BAYN.DE","2011-02-22","55","55.15","53.95","54.42","3125743","-0.58062","-1.05","54.63",
"BAYN.DE","2011-02-21","56.11","56.19","54.92","55.04","2016619","-1.07","-1.91","55.565",
"BAYN.DE","2011-02-18","55.84","56.27","55.65","56.27","3008092","0.433","0.77006","56.0075",
"BAYN.DE","2011-02-17","55.48","55.68","54.99","55.68","2183638","0.19682","0.36049","55.4575",
"BAYN.DE","2011-02-16","55.13","55.96","55.05","55.51","2437424","0.3838","0.68928","55.4125",
"BAYN.DE","2011-02-15","55.03","55.39","54.81","55.11","1873412","0.078731","0.14538","55.085",
"BAYN.DE","2011-02-14","55.19","55.31","54.79","55.04","1992693","-0.14762","-0.27179","55.0825",
"BAYN.DE","2011-02-11","54.77","55.05","54.47","54.7","2464761","-0.068888","-0.12781","54.7475",
"BAYN.DE","2011-02-10","54.29","54.91","54.03","54.81","2328680","0.52158","0.95782","54.51",
"BAYN.DE","2011-02-09","54.59","54.97","54.15","54.42","1906360","-0.1673","-0.31141","54.5325",
"BAYN.DE","2011-02-08","53.3","54.79","53.28","54.72","3456080","1.42","2.66","54.0225",
"BAYN.DE","2011-02-07","53.92","54.33","53.47","53.63","2390922","-0.28539","-0.53783","53.8375",
"BAYN.DE","2011-02-04","53.24","53.98","53.16","53.98","2553552","0.73808","1.39","53.59",
"BAYN.DE","2011-02-03","53.14","53.73","53.14","53.3","2951124","0.15746","0.30109","53.3275",
"BAYN.DE","2011-02-02","53.06","53.67","53.06","53.49","3182819","0.42317","0.8104","53.32",
"BAYN.DE","2011-02-01","53.21","53.62","52.79","53.32","3934025","0.10825","0.20673","53.235",
"BAYN.DE","2011-01-31","52.76","53.42","52.32","53","2810828","0.24603","0.45489","52.875",
"BAYN.DE","2011-01-28","53.61","53.81","52.71","52.71","3259271","-0.90538","-1.68","53.21",
"BAYN.DE","2011-01-27","53.71","54.18","53.31","53.64","2820400","-0.068891","-0.13033","53.71",
"BAYN.DE","2011-01-26","53.98","54.69","53.96","54.25","3144810","0.27555","0.50019","54.22",
"BAYN.DE","2011-01-25","53.31","53.85","53.23","53.63","2913124","0.32476","0.60026","53.505",
"BAYN.DE","2011-01-24","53.38","53.61","53.17","53.31","2560967","-0.068892","-0.13114","53.3675",
"BAYN.DE","2011-01-21","53.56","53.79","53.25","53.59","4668774","0.029522","0.05601195","53.5475",
"BAYN.DE","2011-01-20","54.54","54.9","53.41","53.55","3684590","-0.99395","-1.82","54.1",
"BAYN.DE","2011-01-19","55.44","55.98","53.84","54.72","5317969","-0.72824","-1.3","54.995",
"BAYN.DE","2011-01-18","54.82","55.31","54.58","55.31","2951818","0.48221","0.89383","55.005",
"BAYN.DE","2011-01-17","54.77","54.99","54.19","54.42","1735544","-0.34444","-0.63904","54.5925",
"BAYN.DE","2011-01-14","54.22","54.78","53.59","54.52","2839361","0.29524","0.5533","54.2775",
"BAYN.DE","2011-01-13","54.97","55.05","54.2","54.64","3180837","-0.3346","-0.60033","54.715",
"BAYN.DE","2011-01-12","53.58","55.06","53.46","55.06","3448978","1.48","2.76","54.29",
"BAYN.DE","2011-01-11","53.46","53.7","52.81","53.46","3679096","0","0","53.3575",
"BAYN.DE","2011-01-10","54.43","54.46","53.39","53.44","2639403","-0.99395","-1.82","53.93",
"BAYN.DE","2011-01-07","54.83","55.6","54.59","54.62","2676141","-0.2165","-0.383","54.91",
"BAYN.DE","2011-01-06","53.63","55.37","53.56","54.83","4217046","1.2","2.24","54.3475",
"BAYN.DE","2011-01-05","53.34","53.59","52.7","53.33","4235469","-0.009843","-0.01874766","53.24",
"BAYN.DE","2011-01-04","54","54","53.36","53.44","2794435","-0.56094","-1.04","53.7",
"BAYN.DE","2011-01-03","54.42","54.94","53.84","54","1862925","-0.42317","-0.77178","54.3",
"BAYN.DE","2010-12-30","55.1","55.16","53.98","54.42","1211095","-0.67904","-1.23","54.665",
"BAYN.DE","2010-12-29","55.11","55.38","54.82","54.97","981947","-0.13777","-0.25404","55.07",
"BAYN.DE","2010-12-28","54.82","55.21","54.61","54.83","724065","0.009843","0.01824152","54.8675",
"BAYN.DE","2010-12-27","55.76","55.85","54.12","54.98","1135094","-0.77745","-1.4","55.1775",
"BAYN.DE","2010-12-23","56.1","56.1","55.38","55.62","887909","-0.48221","-0.85561","55.8",
"BAYN.DE","2010-12-22","55.75","56.3","55.75","55.87","1329190","0.11809","0.21525","55.9175",
"BAYN.DE","2010-12-21","55.65","56.14","55.48","55.83","1961871","0.17714","0.32345","55.775",
"BAYN.DE","2010-12-20","55.78","56.26","55.39","55.48","2272935","-0.29523","-0.53783","55.7275",
"BAYN.DE","2010-12-17","56.03","56.03","55.37","55.55","6125952","-0.47237","-0.85668","55.745",
"BAYN.DE","2010-12-16","55.89","55.99","55.51","55.77","1913868","-0.1181","-0.21471","55.79",
"BAYN.DE","2010-12-15","55.91","56.08","55.27","56.03","2559925","0.11809","0.21463","55.8225",
"BAYN.DE","2010-12-14","56.3","56.61","55.91","56.12","2360228","-0.17714","-0.31972","56.235",
"BAYN.DE","2010-12-13","57","57.22","56.31","56.39","2356117","-0.61014","-1.07","56.73",
"BAYN.DE","2010-12-10","57.56","57.63","57.02","57.17","1749252","-0.39364","-0.67755","57.345",
"BAYN.DE","2010-12-09","58.16","58.23","56.95","57.35","2884657","-0.80697","-1.39","57.6725",
"BAYN.DE","2010-12-08","57.08","57.93","56.9","57.69","2070024","0.61014","1.07","57.4",
"BAYN.DE","2010-12-07","57.19","58.03","57.18","57.2","3636875","0.009839","0.01748557","57.4",
"BAYN.DE","2010-12-06","56.44","56.74","55.89","56.66","2118151","0.22635","0.38979","56.4325",
"BAYN.DE","2010-12-03","56.58","56.58","55.71","56.21","2197605","-0.36412","-0.65394","56.27",
"BAYN.DE","2010-12-02","56.38","56.44","55.3","56.19","3088417","-0.18698","-0.337","56.0775",
"BAYN.DE","2010-12-01","55.47","56.37","55.19","56.27","3226696","0.79713","1.44","55.825",
"BAYN.DE","2010-11-30","55.31","55.6","54.34","55.06","3284883","-0.24603","-0.452","55.0775",
"BAYN.DE","2010-11-29","56.66","57.03","55.17","55.17","2833724","-1.5","-2.63","56.0075",
"BAYN.DE","2010-11-26","56.49","56.94","55.98","56.68","2254658","0.19682","0.33634","56.5225",
"BAYN.DE","2010-11-25","56.49","57.02","56.4","56.8","2083597","0.31491","0.54877","56.6775",
"BAYN.DE","2010-11-24","56.09","56.7","55.86","56.52","2601167","0.42317","0.76663","56.2925",
"BAYN.DE","2010-11-23","55.6","56.4","55.42","55.68","2658503","0.078731","0.14388","55.775",
"BAYN.DE","2010-11-22","57.63","57.65","55.98","56.19","3066904","-1.44","-2.5","56.8625",
"BAYN.DE","2010-11-19","56.24","57.13","56.19","56.86","5982157","0.61998","1.1","56.605",
"BAYN.DE","2010-11-18","55.04","55.64","54.77","55.64","3058925","0.60031","1.09","55.2725",
"BAYN.DE","2010-11-17","54.27","54.94","53.98","54.56","3237979","0.28539","0.53437","54.4375",
"BAYN.DE","2010-11-16","55.95","55.95","54.13","54.13","5842415","-1.82","-3.25","55.04",
"BAYN.DE","2010-11-15","53.09","57.14","52.78","55.24","10867372","2.15","4.05","54.5625",
"BAYN.DE","2010-11-12","53.06","54.21","52.94","53.18","3507369","0.1181","0.22616","53.3475",
"BAYN.DE","2010-11-11","54.73","54.8","53.64","53.87","2805634","-0.85617","-1.57","54.26",
"BAYN.DE","2010-11-10","54.8","55.03","54.21","54.52","2119787","-0.28539","-0.51095","54.64",
"BAYN.DE","2010-11-09","54.54","55.26","54.37","55.08","2308463","0.54126","0.9901","54.8125",
"BAYN.DE","2010-11-08","54.62","55.13","54.33","54.81","1727320","0.19682","0.34786","54.7225",
"BAYN.DE","2010-11-05","54.7","55.4","54.55","54.9","3342214","0.20666","0.36563","54.8875",
"BAYN.DE","2010-11-04","54.03","54.84","53.96","54.7","3221546","0.66919","1.24","54.3825",
"BAYN.DE","2010-11-03","53.82","54.07","53.57","53.72","2495087","-0.09841","-0.1858","53.795",
"BAYN.DE","2010-11-02","53.37","54.25","53.24","53.63","2272495","0.26571","0.48717","53.6225",
"BAYN.DE","2010-11-01","54.3","54.58","53.37","53.37","4824136","-0.9349","-1.71","53.905",
"BAYN.DE","2010-10-29","52.96","53.56","52.62","52.77","4049217","-0.19682","-0.35876","52.9775",
"BAYN.DE","2010-10-28","54.11","54.56","52.91","53.12","3568243","-0.98411","-1.83","53.675",
"BAYN.DE","2010-10-27","54.08","55.04","53.48","54.01","3425891","-0.068888","-0.12944","54.1525",
"BAYN.DE","2010-10-26","54.03","54.6","53.97","54.22","2425219","0.19682","0.35166","54.205",
"BAYN.DE","2010-10-25","54.47","54.47","53.88","54.13","1469855","-0.34444","-0.6242","54.2375",
"BAYN.DE","2010-10-22","54.13","54.49","53.94","54.03","1981848","-0.098409","-0.18474","54.1475",
"BAYN.DE","2010-10-21","52.9","54.61","52.81","54.49","2910497","1.59","3.01","53.7025",
"BAYN.DE","2010-10-20","53.21","53.34","52.56","53.32","3365875","0.10825","0.20673","53.1075",
"BAYN.DE","2010-10-19","54.43","54.86","53.97","54.02","2843400","-0.41333","-0.75326","54.32",
"BAYN.DE","2010-10-18","54.13","54.5","53.9","54.5","2237766","0.37396","0.68354","54.2575",
"BAYN.DE","2010-10-15","54.91","54.95","54.06","54.6","3976923","-0.31491","-0.56456","54.63",
"BAYN.DE","2010-10-14","54.27","54.76","54.09","54.74","2905805","0.46253","0.86604","54.465",
"BAYN.DE","2010-10-13","52.9","54.13","52.7","54.07","3789670","1.17","2.21","53.45",
"BAYN.DE","2010-10-12","52.5","52.88","52.2","52.81","3059774","0.30508","0.59048","52.5975",
"BAYN.DE","2010-10-11","53.09","53.51","52.87","53.09","1911077","0","0","53.14",
"BAYN.DE","2010-10-08","52.14","53.15","51.97","53.09","2513196","0.95459","1.82","52.5875",
"BAYN.DE","2010-10-07","52.94","53.02","51.78","52.5","4335495","-0.44285","-0.83113","52.56",
"BAYN.DE","2010-10-06","51.91","52.48","51.81","52.45","3022040","0.54126","1.04","52.1625",
"BAYN.DE","2010-10-05","50.53","51.81","50.37","51.76","3020324","1.23","2.43","51.1175",
"BAYN.DE","2010-10-04","50.52","50.7","49.82","50.41","1975144","-0.11809","-0.21774","50.3625",
"BAYN.DE","2010-10-01","50.29","51.21","50.29","50.56","2749256","0.27555","0.53689","50.5875",
"BAYN.DE","2010-09-30","50.19","51.49","49.92","50.34","3060987","0.14762","0.29886","50.485",
"BAYN.DE","2010-09-29","51.36","51.62","50.03","50.26","2336267","-1.1","-2.14","50.8175",
"BAYN.DE","2010-09-28","51.1","51.73","50.26","51.15","2250093","0.049205","0.09784736","51.06",
"BAYN.DE","2010-09-27","51.25","51.63","50.99","51.14","1774615","-0.10825","-0.21463","51.2525",
"BAYN.DE","2010-09-24","50.2","51.67","49.95","51.48","2628489","1.28","2.55","50.825",
"BAYN.DE","2010-09-23","50.31","50.87","49.94","50.65","3351843","0.34444","0.67581","50.4425",
"BAYN.DE","2010-09-22","51.12","51.17","49.9","49.96","2966132","-1.16","-2.27","50.5375",
"BAYN.DE","2010-09-21","50.93","51.67","50.79","51","2854938","0.068888","0.13744","51.0975",
"BAYN.DE","2010-09-20","50.5","51.62","50.39","51.49","2546864","0.98411","1.96","51",
"BAYN.DE","2010-09-17","51.03","51.48","49.4","50.25","6961721","-0.77744","-1.53","50.54",
"BAYN.DE","2010-09-16","50.75","51.12","50.41","50.58","2819498","-0.1673","-0.33498","50.715",
"BAYN.DE","2010-09-15","50.88","51.1","50.36","50.85","2911963","-0.029526","-0.05896226","50.7975",
"BAYN.DE","2010-09-14","50.26","50.78","50.01","50.66","2669602","0.40348","0.79586","50.4275",
"BAYN.DE","2010-09-13","50.73","50.73","50.01","50.01","2409827","-0.7184","-1.42","50.37",
"BAYN.DE","2010-09-10","49.7","50.44","49.6","50.28","2934577","0.58062","1.17","50.005",
"BAYN.DE","2010-09-09","49.11","49.79","48.93","49.69","2630538","0.58062","1.18","49.38",
"BAYN.DE","2010-09-08","48.22","49.37","47.73","49.23","2758270","1.01","2.09","48.6375",
"BAYN.DE","2010-09-07","48.8","49.06","48.49","48.69","2095904","-0.10825","-0.22541","48.76",
"BAYN.DE","2010-09-06","49.11","49.16","48.45","48.71","1493653","-0.39364","-0.8145","48.8575",
"BAYN.DE","2010-09-03","48.11","49.04","48.11","48.71","2531352","0.60031","1.25","48.4925",
"BAYN.DE","2010-09-02","49.15","49.21","48.02","48.36","3495639","-0.78729","-1.61","48.685",
"BAYN.DE","2010-09-01","47.74","49.18","47.61","49","4074389","1.26","2.64","48.3825",
"BAYN.DE","2010-08-31","46.12","47.67","45.91","47.41","5459495","1.3","2.8","46.7775",
"BAYN.DE","2010-08-30","46.38","46.51","46.05","46.29","1274111","-0.093491","-0.19405","46.3075",
"BAYN.DE","2010-08-27","45.8","46.49","45.33","46.4","2271909","0.60031","1.31","46.005",
"BAYN.DE","2010-08-26","46.45","46.83","45.87","46.09","3331343","-0.36412","-0.77503","46.31",
"BAYN.DE","2010-08-25","45.61","46.94","45.49","46.33","5336847","0.7184","1.58","46.0925",
"BAYN.DE","2010-08-24","45.69","45.76","44.81","45.59","2867504","-0.098409","-0.21887","45.4625",
"BAYN.DE","2010-08-23","45.97","46.37","45.81","45.9","1944575","-0.063966","-0.15227","46.0125",
"BAYN.DE","2010-08-20","46.42","46.82","45.94","45.99","3052724","-0.43301","-0.92632","46.2925",
"BAYN.DE","2010-08-19","47.73","47.84","46.49","46.52","3564521","-1.21","-2.54","47.145",
"BAYN.DE","2010-08-18","47.11","47.65","47.06","47.47","2148793","0.3592","0.76417","47.3225",
"BAYN.DE","2010-08-17","47.18","47.37","46.78","47.35","2462606","0.1673","0.36032","47.17",
"BAYN.DE","2010-08-16","47.16","47.41","46.72","47.09","1539654","-0.068887","-0.14843","47.095",
"BAYN.DE","2010-08-13","47.72","47.72","46.68","47.16","2876558","-0.56586","-1.17","47.32",
"BAYN.DE","2010-08-12","47.12","48.01","47.04","47.52","2865281","0.39364","0.8489","47.4225",
"BAYN.DE","2010-08-11","47.35","47.69","47.02","47.21","3079127","-0.13778","-0.29567","47.3175",
"BAYN.DE","2010-08-10","47.76","48.14","47.44","47.93","2701702","0.17222","0.35595","47.8175",
"BAYN.DE","2010-08-09","48.68","48.68","47.92","48.49","2766036","-0.19682","-0.3903","48.4425",
"BAYN.DE","2010-08-06","48.04","48.79","47.56","48.11","5538890","0.068887","0.14571","48.125",
"BAYN.DE","2010-08-05","47.24","48.07","46.87","47.73","7247942","0.49697","1.04","47.4775",
"BAYN.DE","2010-08-04","45.01","46.18","44.65","45.82","3415444","0.81189","1.8","45.415",
"BAYN.DE","2010-08-03","44.93","45.32","44.46","45.23","2440229","0.30015","0.66771","44.985",
"BAYN.DE","2010-08-02","43.78","45.32","43.63","45.06","4600092","1.28","2.92","44.4475",
"BAYN.DE","2010-07-30","43.35","43.65","42.58","43.41","4548824","0.06397","0.13841","43.2475",
"BAYN.DE","2010-07-29","42.91","44.19","42.86","43.43","4182184","0.5265","1.21","43.3475",
"BAYN.DE","2010-07-28","44.28","44.31","42.58","43.49","4899761","-0.79221","-1.78","43.665",
"BAYN.DE","2010-07-27","45","45.14","43.59","43.94","4505288","-1.07","-2.36","44.4175",
"BAYN.DE","2010-07-26","45.43","45.43","44.36","44.78","2170987","-0.65443","-1.43","45",
"BAYN.DE","2010-07-23","45.1","45.51","44.66","45.06","2421507","-0.034443","-0.0886918","45.0825",
"BAYN.DE","2010-07-22","44.28","45.36","44.07","45.12","3583353","0.84141","1.9","44.7075",
"BAYN.DE","2010-07-21","44.93","45.44","44.39","44.53","2423471","-0.39856","-0.89027","44.8225",
"BAYN.DE","2010-07-20","45.7","45.81","44.04","44.7","3207636","-0.99887","-2.19","45.0625",
"BAYN.DE","2010-07-19","45.56","46.26","45.17","45.48","1822467","-0.08857","-0.17559","45.6175",
"BAYN.DE","2010-07-16","46.34","46.91","45.4","45.55","4016523","-0.79221","-1.7","46.05",
"BAYN.DE","2010-07-15","46.38","47.23","45.96","46.11","3454545","-0.27063","-0.58215","46.42",
"BAYN.DE","2010-07-14","46.13","46.59","45.96","46.44","2284900","0.30507","0.67201","46.28",
"BAYN.DE","2010-07-13","45.81","46.41","45.63","46.19","2093838","0.3838","0.82951","46.01",
"BAYN.DE","2010-07-12","45.84","46.15","45.55","45.67","1514895","-0.17222","-0.37086","45.8025",
"BAYN.DE","2010-07-09","45.6","45.83","45.26","45.66","1917777","0.059049","0.13158","45.5875",
"BAYN.DE","2010-07-08","44.89","45.53","44.71","45.27","2963545","0.3838","0.84651","45.1",
"BAYN.DE","2010-07-07","43.88","44.91","43.66","44.69","3002490","0.81189","1.85","44.285",
"BAYN.DE","2010-07-06","43.98","45.07","43.67","44.4","3221331","0.41333","0.95498","44.28",
"BAYN.DE","2010-07-05","43.62","44","43.42","43.62","1872128","-0.004922","0","43.665",
"BAYN.DE","2010-07-02","45.09","45.09","43.47","43.67","4717838","-1.42","-3.15","44.33",
"BAYN.DE","2010-07-01","44.53","45.44","44.41","44.85","3480534","0.31984","0.71862","44.8075",
"BAYN.DE","2010-06-30","45.25","45.33","44.69","45.27","3245269","0.019682","0.0441989","45.135",
"BAYN.DE","2010-06-29","46.16","46.37","44.85","45.02","3841487","-1.14","-2.47","45.6",
"BAYN.DE","2010-06-28","46.46","47.34","46.12","47.08","2290234","0.61999","1.33","46.75",
"BAYN.DE","2010-06-25","46.91","47.03","46.04","46.44","2674964","-0.47237","-1","46.605",
"BAYN.DE","2010-06-24","47.62","47.74","46.52","46.91","2895921","-0.70855","-1.49","47.1975",
"BAYN.DE","2010-06-23","47.37","47.71","46.94","47.16","2330537","-0.21158","-0.44332","47.295",
"BAYN.DE","2010-06-22","47.64","47.93","47.09","47.76","2247949","0.12301","0.25189","47.605",
"BAYN.DE","2010-06-21","48.61","48.61","47.51","47.88","2680180","-0.73316","-1.5","48.1525",
"BAYN.DE","2010-06-18","47.89","48.04","47.15","47.56","7282599","-0.32968","-0.68908","47.66",
"BAYN.DE","2010-06-17","47.45","48.01","47.24","47.89","3141795","0.43793","0.92729","47.6475",
"BAYN.DE","2010-06-16","47.63","47.7","47.24","47.51","3713392","-0.1181","-0.25194","47.52",
"BAYN.DE","2010-06-15","46.91","47.54","46.61","47.32","3860055","0.40349","0.87401","47.095",
"BAYN.DE","2010-06-14","46.9","47.24","45.91","47.21","4541452","0.31491","0.66098","46.815",
"BAYN.DE","2010-06-11","47.07","47.28","46.05","47.06","3740029","-0.019682","-0.02124495","46.865",
"BAYN.DE","2010-06-10","46.39","47.3","46","46.75","3670583","0.3592","0.77603","46.61",
"BAYN.DE","2010-06-09","46.01","46.51","45.05","46.48","3200922","0.47237","1.02","46.0125",
"BAYN.DE","2010-06-08","46.25","46.55","45.03","45.78","3434719","-0.47729","-1.02","45.9025",
"BAYN.DE","2010-06-07","45.27","46.22","45.2","45.82","3504119","0.5511","1.21","45.6275",
"BAYN.DE","2010-06-04","46.73","47.28","45.59","45.74","4519129","-0.98411","-2.12","46.335",
"BAYN.DE","2010-06-03","46.37","46.55","46.13","46.27","3154658","-0.098413","-0.21566","46.33",
"BAYN.DE","2010-06-02","44.78","45.73","44.43","45.63","3450486","0.85617","1.9","45.1425",
"BAYN.DE","2010-06-01","44.63","45.46","43.79","45.1","3605817","0.46253","1.05","44.745",
"BAYN.DE","2010-05-31","44.99","45.37","44.74","44.78","1741023","-0.21158","-0.46677","44.97",
"BAYN.DE","2010-05-28","45","45.24","44.54","44.87","3202870","-0.13285","-0.28889","44.9125",
"BAYN.DE","2010-05-27","44.28","45.17","43.99","44.96","4785936","0.67903","1.54","44.6",
"BAYN.DE","2010-05-26","43.65","44.48","43.2","43.87","4229368","0.21158","0.50401","43.8",
"BAYN.DE","2010-05-25","43.2","43.67","42.81","43.46","5899498","0.26079","0.60185","43.285",
"BAYN.DE","2010-05-24","45.2","45.24","44.02","44.63","2358939","-0.57571","-1.26","44.7725",
"BAYN.DE","2010-05-21","45.12","45.48","43.77","44.79","32026732","-0.3346","-0.73138","44.79",
"BAYN.DE","2010-05-20","46.53","46.58","44.83","45.46","5239898","-1.07","-2.3","45.85",
"BAYN.DE","2010-05-19","46.75","47.09","45.91","46.3","5516935","-0.44777","-0.96257","46.5125",
"BAYN.DE","2010-05-18","47.39","47.77","46.64","47.09","3470853","-0.30015","-0.63304","47.2225",
"BAYN.DE","2010-05-17","45.9","47.73","45.87","46.99","4161422","1.08","2.37","46.6225",
"BAYN.DE","2010-05-14","48.13","48.13","46.27","46.56","4662737","-1.57","-3.26","47.2725",
"BAYN.DE","2010-05-13","47.98","48.42","47.73","48.08","2999687","0.10825","0.20842","48.0525",
"BAYN.DE","2010-05-12","47.13","47.89","46.64","47.47","4905230","0.3346","0.72141","47.2825",
"BAYN.DE","2010-05-11","44.88","46.69","44.88","46.69","7416003","1.81","4.03","45.785",
"BAYN.DE","2010-05-10","45.3","46.25","45.09","46.21","7570271","0.91522","2.01","45.7125",
"BAYN.DE","2010-05-07","44.38","45.8","43.72","44.53","8599199","0.1427","0.33799","44.6075",
"BAYN.DE","2010-05-06","45","46","44.77","45.66","6637446","0.65443","1.47","45.3575",
"BAYN.DE","2010-05-05","45.17","45.83","44.77","45.33","7476644","0.16237","0.35422","45.275",
"BAYN.DE","2010-05-04","46.66","46.74","44.71","44.96","7056739","-1.69","-3.64","45.7675",
"BAYN.DE","2010-05-03","46.26","46.79","46.15","46.42","5294946","0.16237","0.34587","46.405",
"BAYN.DE","2010-04-30","48.18","48.18","46.5","47.31","46913809","-0.87093","-1.81","47.5425",
"BAYN.DE","2010-04-29","49.7","49.7","47.66","48.2","8055499","-1.5","-3.02","48.815",
"BAYN.DE","2010-04-28","49.89","50.18","49.06","49.35","5594180","-0.54126","-1.08","49.62",
"BAYN.DE","2010-04-27","51.08","51.42","49.81","49.81","4265954","-1.28","-2.49","50.53",
"BAYN.DE","2010-04-26","51.16","51.7","50.95","51.23","3371221","0.068886","0.13683","51.26",
"BAYN.DE","2010-04-23","49.16","50.93","49.06","50.69","5250921","1.54","3.11","49.96",
"BAYN.DE","2010-04-22","49.16","49.89","48.87","48.91","3776158","-0.24603","-0.50854","49.2075",
"BAYN.DE","2010-04-21","49.31","49.89","49.26","49.29","3534793","-0.019683","-0.04055972","49.4375",
"BAYN.DE","2010-04-20","48.79","49.64","48.71","49.42","3151778","0.62983","1.29","49.14",
"BAYN.DE","2010-04-19","48.56","49.06","48.45","48.88","2838094","0.31984","0.65898","48.7375",
"BAYN.DE","2010-04-16","48.71","49.6","48.48","48.61","8032586","-0.10333","-0.2053","48.85",
"BAYN.DE","2010-04-15","49.38","49.68","48.63","48.88","4173941","-0.50681","-1.01","49.1425",
"BAYN.DE","2010-04-14","50.09","50.24","49.38","49.38","2591292","-0.70856","-1.42","49.7725",
"BAYN.DE","2010-04-13","48.97","50.19","48.96","49.54","4765301","0.56586","1.16","49.415",
"BAYN.DE","2010-04-12","49.7","49.7","49","49.12","1797104","-0.5757","-1.17","49.38",
"BAYN.DE","2010-04-09","49.28","49.67","49.16","49.37","2545752","0.088565","0.18263","49.37",
"BAYN.DE","2010-04-08","48.47","49.01","48.28","48.94","2758567","0.46745","0.96967","48.675",
"BAYN.DE","2010-04-07","48.73","49.06","48.47","48.71","3254392","-0.019682","-0.04104248","48.7425",
"BAYN.DE","2010-04-06","49.7","49.88","48.83","48.83","3783758","-0.86602","-1.75","49.31",
"BAYN.DE","2010-04-01","49.26","49.96","49.25","49.84","2472031","0.57078","1.18","49.5775",
"BAYN.DE","2010-03-31","49.26","49.35","48.71","49.28","3247980","0.019684","0.04060089","49.15",
"BAYN.DE","2010-03-30","49.8","50.03","49.32","49.4","2364148","-0.39364","-0.80321","49.6375",
"BAYN.DE","2010-03-29","49.32","49.86","49.23","49.51","1646411","0.18698","0.38524","49.48",
"BAYN.DE","2010-03-26","49.87","49.87","48.96","49.18","3223691","-0.69871","-1.38","49.47",
"BAYN.DE","2010-03-25","48.91","49.94","48.89","49.81","3068712","0.89554","1.84","49.3875",
"BAYN.DE","2010-03-24","49.14","49.47","48.68","49","3454709","-0.1427","-0.2849","49.0725",
"BAYN.DE","2010-03-23","49.78","49.78","48.9","49.3","3259192","-0.47237","-0.96424","49.44",
"BAYN.DE","2010-03-22","49.25","49.66","48.88","49.61","2996601","0.35428","0.73096","49.35",
"BAYN.DE","2010-03-19","50.41","50.66","49.34","49.78","8503985","-0.62983","-1.25","50.0475",
"BAYN.DE","2010-03-18","50.1","50.55","49.8","50.34","3359926","0.23619","0.47904","50.1975",
"BAYN.DE","2010-03-17","51.62","51.75","50.79","51.02","2731949","-0.60031","-1.16","51.295",
"BAYN.DE","2010-03-16","50.8","51.46","50.68","51.27","1725764","0.47237","0.9252","51.0525",
"BAYN.DE","2010-03-15","50.65","51.18","50.49","50.54","1473644","-0.10825","-0.21718","50.715",
"BAYN.DE","2010-03-12","51.09","51.55","50.68","50.91","2224020","-0.18698","-0.35232","51.0575",
"BAYN.DE","2010-03-11","51.64","51.67","50.83","51.06","2255288","-0.58062","-1.12","51.3",
"BAYN.DE","2010-03-10","51.4","52.04","51.4","51.76","2320843","0.36412","0.70039","51.65",
"BAYN.DE","2010-03-09","51.25","51.59","50.99","51.54","2647087","0.28539","0.56585","51.3425",
"BAYN.DE","2010-03-08","51.85","51.85","50.85","51.02","2553025","-0.83649","-1.6","51.3925",
"BAYN.DE","2010-03-05","50.95","52.01","50.85","51.47","3535642","0.52158","1.02","51.32",
"BAYN.DE","2010-03-04","50.98","51.42","50.73","50.85","2773899","-0.12794","-0.255","50.995",
"BAYN.DE","2010-03-03","50.05","51.58","49.94","51.36","3812304","1.31","2.62","50.7325",
"BAYN.DE","2010-03-02","49.92","50.65","49.8","50.31","2337304","0.3838","0.78125","50.17",
"BAYN.DE","2010-03-01","48.01","49.82","47.9","49.71","3975406","1.69","3.54","48.86",
"BAYN.DE","2010-02-26","46.65","48.02","46.44","47.9","8017339","1.25","2.68","47.2525",
"BAYN.DE","2010-02-25","48.99","49.95","48.59","48.6","3893764","-0.39856","-0.79608","49.0325",
"BAYN.DE","2010-02-24","48.86","49.84","48.49","49.21","3589082","0.34444","0.71633","49.1",
"BAYN.DE","2010-02-23","49.76","50.47","48.75","49.05","3533794","-0.70856","-1.43","49.5075",
"BAYN.DE","2010-02-22","50.6","50.62","49.62","49.67","1943579","-0.9349","-1.84","50.1275",
"BAYN.DE","2010-02-19","49.43","50.38","49.43","50.2","2776297","0.7676","1.56","49.86",
"BAYN.DE","2010-02-18","49.36","50.14","49.34","49.96","2135236","0.60031","1.22","49.7",
"BAYN.DE","2010-02-17","49.68","50.15","49.42","49.62","3177810","-0.059048","-0.12077","49.7175",
"BAYN.DE","2010-02-16","49.12","49.41","48.16","49.41","2781657","0.29523","0.59039","49.025",
"BAYN.DE","2010-02-15","48.65","48.94","48.26","48.57","1561988","-0.088571","-0.16444","48.605",
"BAYN.DE","2010-02-12","48.35","49.12","48.17","48.57","3769067","0.22142","0.45502","48.5525",
"BAYN.DE","2010-02-11","47.82","48.59","47.27","47.79","4222456","-0.024604","-0.06273526","47.8675",
"BAYN.DE","2010-02-10","47.62","48.19","47.24","47.58","4003262","-0.044283","-0.08399832","47.6575",
"BAYN.DE","2010-02-09","46.92","47.31","46.4","47.08","3454365","0.16238","0.34101","46.9275",
"BAYN.DE","2010-02-08","46.21","46.92","46.06","46.8","3292775","0.58554","1.28","46.4975",
"BAYN.DE","2010-02-05","47.49","47.67","46.08","46.08","6366596","-1.42","-2.97","46.83",
"BAYN.DE","2010-02-04","48.41","48.56","47.44","47.58","3743620","-0.83157","-1.71","47.9975",
"BAYN.DE","2010-02-03","49.4","49.48","48.3","48.41","4438478","-0.98903","-2","48.8975",
"BAYN.DE","2010-02-02","48.91","49.3","48.22","49.21","3131873","0.29523","0.61337","48.91",
"BAYN.DE","2010-02-01","48.33","48.96","47.77","48.82","3436689","0.49205","1.01","48.47",
"BAYN.DE","2010-01-29","48.7","49.23","48.2","48.69","5377284","-0.009844","-0.02053388","48.705",
"BAYN.DE","2010-01-28","50.67","50.92","48.5","48.5","4383918","-2.17","-4.28","49.6475",
"BAYN.DE","2010-01-27","49.45","50.39","49.35","50","4733891","0.5511","1.11","49.7975",
"BAYN.DE","2010-01-26","48.81","50.39","48.58","50.23","4728079","1.42","2.91","49.5025",
"BAYN.DE","2010-01-25","49.72","50.27","49.39","49.58","4054579","-0.13777","-0.28158","49.74",
"BAYN.DE","2010-01-22","50.11","51.14","49.82","50.61","5188745","0.5019","0.9978","50.42",
"BAYN.DE","2010-01-21","52.05","52.55","50.01","50.27","6023581","-1.78","-3.42","51.22",
"BAYN.DE","2010-01-20","53.96","54.54","52.65","52.84","3795277","-1.12","-2.08","53.4975",
"BAYN.DE","2010-01-19","53.21","54.18","52.13","53.96","2731726","0.74792","1.41","53.37",
"BAYN.DE","2010-01-18","52.56","53.34","52.5","53.34","1503630","0.77745","1.48","52.935",
"BAYN.DE","2010-01-15","54.02","54.14","52.3","52.3","4638881","-1.72","-3.18","53.19",
"BAYN.DE","2010-01-14","53.73","54.16","53.54","53.92","2325209","0.18698","0.35362","53.8375",
"BAYN.DE","2010-01-13","52.55","53.71","52.55","53.42","3668443","0.86601","1.66","53.0575",
"BAYN.DE","2010-01-12","52.65","53.16","52.07","52.45","3086189","-0.19682","-0.37987","52.5825",
"BAYN.DE","2010-01-11","53.33","53.62","52.78","52.95","2205034","-0.37396","-0.71254","53.17",
"BAYN.DE","2010-01-08","53.45","53.66","52.31","52.96","3096580","-0.48221","-0.91674","53.095",
"BAYN.DE","2010-01-07","53.88","53.95","52.8","53.44","3010498","-0.44285","-0.81663","53.5175",
"BAYN.DE","2010-01-06","54.39","54.98","53.97","54.15","1997279","-0.24603","-0.44126","54.3725",
"BAYN.DE","2010-01-05","55.29","55.46","54.37","54.49","2757093","-0.79713","-1.45","54.9025",
"BAYN.DE","2010-01-04","55.32","55.81","54.86","55.5","2251520","0.18698","0.32538","55.3725",
"BAYN.DE","2009-12-30","55.52","55.52","54.91","55.07","815495","-0.45269","-0.81052","55.255",
"BAYN.DE","2009-12-29","55.6","55.71","55.41","55.55","1247631","-0.049204","-0.08992806","55.5675",
"BAYN.DE","2009-12-28","55.11","55.5","55.03","55.45","1120365","0.34444","0.61695","55.2725",
"BAYN.DE","2009-12-23","54.82","55","54.51","54.93","1204105","0.10825","0.20066","54.815",
"BAYN.DE","2009-12-22","55.02","55.29","54.41","54.55","1894764","-0.47237","-0.85423","54.8175",
"BAYN.DE","2009-12-21","53.52","54.83","53.52","54.83","2343442","1.32","2.45","54.175",
"BAYN.DE","2009-12-18","53.75","54.12","53.35","53.35","9087781","-0.40348","-0.74419","53.6425",
"BAYN.DE","2009-12-17","53.44","53.93","53.14","53.51","3689880","0.068888","0.13099","53.505",
"BAYN.DE","2009-12-16","53.18","54.18","52.94","54.18","2962887","0.99395","1.88","53.62",
"BAYN.DE","2009-12-15","53.34","53.63","52.68","53.42","2158679","0.078727","0.14998","53.2675",
"BAYN.DE","2009-12-14","54.03","54.08","52.95","53.2","2651818","-0.82665","-1.54","53.565",
"BAYN.DE","2009-12-11","52.65","53.73","52.62","53.56","3166525","0.91522","1.73","53.14",
"BAYN.DE","2009-12-10","51.63","52.63","51.45","52.56","2790848","0.9349","1.8","52.0675",
"BAYN.DE","2009-12-09","50.85","51.96","50.84","51.62","2613781","0.76761","1.51","51.3175",
"BAYN.DE","2009-12-08","51.87","52.32","50.68","51.26","2908216","-0.61014","-1.18","51.5325",
"BAYN.DE","2009-12-07","52.18","52.43","51.32","52.16","2817323","-0.019682","-0.03832886","52.0225",
"BAYN.DE","2009-12-04","52.28","53.47","52.11","52.88","2949430","0.60031","1.15","52.685",
"BAYN.DE","2009-12-03","53.16","53.32","52.2","52.55","3063582","-0.61014","-1.15","52.8075",
"BAYN.DE","2009-12-02","51.57","52.87","51.46","52.37","3547816","0.80697","1.55","52.0675",
"BAYN.DE","2009-12-01","50.87","51.58","50.72","51.45","3278799","0.58062","1.14","51.155",
"BAYN.DE","2009-11-30","50.39","50.88","49.65","50.18","5847806","-0.20666","-0.41675","50.275",
"BAYN.DE","2009-11-27","49.93","50.59","49.1","50.35","5945327","0.41332","0.84118","49.9925",
"BAYN.DE","2009-11-26","52.04","52.04","50.14","50.44","3417665","-1.6","-3.07","51.165",
"BAYN.DE","2009-11-25","52.92","53.05","51.79","52.19","3559798","-0.72824","-1.38","52.4875",
"BAYN.DE","2009-11-24","51.93","53.12","51.74","52.65","3115887","0.7184","1.39","52.36",
"BAYN.DE","2009-11-23","51.57","52.74","51.44","52.42","2706424","0.85617","1.65","52.0425",
"BAYN.DE","2009-11-20","50.98","51.32","50.52","50.89","4573481","-0.08857","-0.17654","50.9275",
"BAYN.DE","2009-11-19","50.19","51.22","50.04","50.68","3158387","0.49205","0.97629","50.5325",
"BAYN.DE","2009-11-18","52.11","52.11","50.72","51","5229534","-1.11","-2.13","51.485",
"BAYN.DE","2009-11-17","51.08","52.75","50.85","52.44","5464516","1.37","2.66","51.78",
"BAYN.DE","2009-11-16","51.12","51.37","50.29","51.37","3908135","0.24603","0.48905","51.0375",
"BAYN.DE","2009-11-13","50.19","50.94","49.84","50.7","2693585","0.51174","1.02","50.4175",
"BAYN.DE","2009-11-12","49.58","51.22","49.4","50.4","4759181","0.81681","1.65","50.15",
"BAYN.DE","2009-11-11","49.19","49.76","48.97","49.53","2923970","0.34444","0.6912","49.3625",
"BAYN.DE","2009-11-10","48.74","49.3","48.47","48.93","2661918","0.18698","0.38982","48.86",
"BAYN.DE","2009-11-09","47.98","48.93","47.84","48.86","2862262","0.8857","1.83","48.4025",
"BAYN.DE","2009-11-06","47.33","48.16","46.93","47.59","3677940","0.26571","0.54933","47.5025",
"BAYN.DE","2009-11-05","45.72","47.51","45.55","47.24","3820621","1.52","3.32","46.505",
"BAYN.DE","2009-11-04","46.32","46.61","46.03","46.13","3368010","-0.19682","-0.41019","46.2725",
"BAYN.DE","2009-11-03","45.81","46.54","45.08","46.09","3773319","0.27555","0.61122","45.88",
"BAYN.DE","2009-11-02","46.29","47.27","46.08","46.38","3436788","0.08857","0.19443","46.505",
"BAYN.DE","2009-10-30","47.3","47.76","46.13","46.48","5006745","-0.81681","-1.73","46.9175",
"BAYN.DE","2009-10-29","46.93","47.83","46.7","47.51","3941685","0.58062","1.24","47.2425",
"BAYN.DE","2009-10-28","47.37","48.15","47","47.17","5614027","-0.20666","-0.42221","47.4225",
"BAYN.DE","2009-10-27","46.46","47.98","46.37","47.61","4488923","1.15","2.48","47.105",
"BAYN.DE","2009-10-26","47.22","48.68","47.06","47.06","4759353","-0.15746","-0.33884","47.505",
"BAYN.DE","2009-10-23","47.73","48.09","46.87","46.92","2681107","-0.80697","-1.7","47.4025",
"BAYN.DE","2009-10-22","46.99","47.53","46.68","47.25","3590340","0.25587","0.55331","47.1125",
"BAYN.DE","2009-10-21","46.9","47.86","46.51","47.52","3275035","0.61999","1.32","47.1975",
"BAYN.DE","2009-10-20","47.83","47.98","46.9","46.9","2786873","-0.92506","-1.94","47.4025",
"BAYN.DE","2009-10-19","46.75","47.98","46.75","47.88","2489455","1.13","2.42","47.34",
"BAYN.DE","2009-10-16","47.73","48.01","46.75","46.77","4628860","-0.95459","-2.01","47.315",
"BAYN.DE","2009-10-15","48.21","48.23","47.53","48.02","2579075","-0.18698","-0.39411","47.9975",
"BAYN.DE","2009-10-14","47.34","48.31","47.02","48.01","4809516","0.67904","1.42","47.67",
"BAYN.DE","2009-10-13","47.73","47.73","46.21","46.6","3061025","-1.13","-2.37","47.0675",
"BAYN.DE","2009-10-12","46.69","47.74","46.5","47.41","3391498","0.72824","1.54","47.085",
"BAYN.DE","2009-10-09","46.18","46.84","45.93","46.23","3027592","0.049205","0.10827","46.295",
"BAYN.DE","2009-10-08","47.05","47.51","45.89","46.48","4234194","-0.57078","-1.21","46.7325",
"BAYN.DE","2009-10-07","46.45","47.24","46.34","46.68","2434415","0.22634","0.49516","46.6775",
"BAYN.DE","2009-10-06","45.77","46.82","45.45","46.76","4144671","0.99395","2.16","46.2",
"BAYN.DE","2009-10-05","44.78","45.69","44.55","45.58","3429801","0.80697","1.79","45.15",
"BAYN.DE","2009-10-02","45.12","45.33","44.38","44.78","4243120","-0.34444","-0.75355","44.9025",
"BAYN.DE","2009-10-01","46.75","46.94","45.17","45.32","3482533","-1.43","-3.06","46.045",
"BAYN.DE","2009-09-30","47.19","47.5","45.79","46.6","6226111","-0.59047","-1.25","46.77",
"BAYN.DE","2009-09-29","47.63","48.46","46.87","48.06","4752691","0.43301","0.90279","47.755",
"BAYN.DE","2009-09-28","45.17","47.68","44.78","47.68","5555239","2.51","5.56","46.3275",
"BAYN.DE","2009-09-25","45.76","45.76","44.62","45.49","3084258","-0.27555","-0.59003","45.4075",
"BAYN.DE","2009-09-24","46.1","46.75","44.92","45.45","4276548","-0.64951","-1.41","45.805",
"BAYN.DE","2009-09-23","46.72","47.17","46.04","46.37","2789015","-0.34444","-0.74914","46.575",
"BAYN.DE","2009-09-22","47.32","47.67","46.53","46.68","2462929","-0.63967","-1.35","47.05",
"BAYN.DE","2009-09-21","46.61","47.05","45.9","46.76","2627168","0.15746","0.32182","46.58",
"BAYN.DE","2009-09-18","47.38","47.68","46.95","46.95","6953069","-0.43301","-0.90756","47.24",
"BAYN.DE","2009-09-17","47.71","47.71","46.73","47.38","5060941","-0.32475","-0.69168","47.3825",
"BAYN.DE","2009-09-16","46.89","47.37","46.39","47.21","4579817","0.31491","0.68245","46.965",
"BAYN.DE","2009-09-15","46.23","47.34","44.85","46.57","6938476","0.3346","0.73545","46.2475",
"BAYN.DE","2009-09-14","44.88","45.96","44.46","45.96","2791848","1.08","2.41","45.315",
"BAYN.DE","2009-09-11","45.27","45.61","44.54","45.02","2333109","-0.24603","-0.55224","45.11",
"BAYN.DE","2009-09-10","45.51","45.75","44.57","45.18","3393598","-0.32476","-0.72512","45.2525",
"BAYN.DE","2009-09-09","43.56","45.62","43.34","45.37","5317689","1.81","4.16","44.4725",
"BAYN.DE","2009-09-08","43.52","44.03","43.12","43.85","3513343","0.3346","0.75827","43.63",
"BAYN.DE","2009-09-07","42.91","43.65","42.83","43.44","3737488","0.53142","1.24","43.2075",
"BAYN.DE","2009-09-04","41.41","42.36","41.11","41.82","3346596","0.41332","0.9901","41.675",
"BAYN.DE","2009-09-03","41.72","42.11","41.01","41.13","2558789","-0.59046","-1.41","41.4925",
"BAYN.DE","2009-09-02","41.39","41.58","40.84","41.37","3033404","-0.019682","-0.04832085","41.295",
"BAYN.DE","2009-09-01","42.21","42.6","41.27","41.27","3717673","-0.9349","-2.23","41.8375",
"BAYN.DE","2009-08-31","41.97","42.41","41.23","42.15","3301555","0.17714","0.42888","41.94",
"BAYN.DE","2009-08-28","41.93","42.75","41.92","42.29","3968933","0.35428","0.85857","42.2225",
"BAYN.DE","2009-08-27","43.17","43.3","41.1","41.65","6128590","-1.53","-3.52","42.305",
"BAYN.DE","2009-08-26","43.32","43.59","42.95","43.43","2642239","0.10825","0.25392","43.3225",
"BAYN.DE","2009-08-25","43.06","43.7","43.04","43.58","2915427","0.51174","1.21","43.345",
"BAYN.DE","2009-08-24","43.52","43.81","42.96","43.58","2575636","0.059044","0.13787","43.4675",
"BAYN.DE","2009-08-21","42.84","43.46","42.44","43.31","4812960","0.47237","1.1","43.0125",
"BAYN.DE","2009-08-20","42.8","43","42.32","42.81","2595421","0.009839","0.02336449","42.7325",
"BAYN.DE","2009-08-19","41.81","42.44","41.36","42.27","2342524","0.45269","1.1","41.97",
"BAYN.DE","2009-08-18","41.7","42.06","41.38","42","2394905","0.30507","0.71942","41.785",
"BAYN.DE","2009-08-17","41.22","41.88","40.87","41.42","3476964","0.19682","0.4852","41.3475",
"BAYN.DE","2009-08-14","42.05","42.5","41.28","41.5","2836395","-0.5511","-1.31","41.8325",
"BAYN.DE","2009-08-13","42.56","43.03","41.78","42.2","3257457","-0.36412","-0.84586","42.3925",
"BAYN.DE","2009-08-12","42.06","42.74","41.8","42.53","2549271","0.47237","1.12","42.2825",
"BAYN.DE","2009-08-11","43.52","43.84","41.49","41.84","5531497","-1.67","-3.86","42.6725",
"BAYN.DE","2009-08-10","44.27","44.28","43.05","43.6","2339440","-0.67904","-1.51","43.8",
"BAYN.DE","2009-08-07","42.96","44.45","42.77","44.27","3240947","1.32","3.05","43.6125",
"BAYN.DE","2009-08-06","43.48","44.23","42.82","43.5","3599252","0.019683","0.04599816","43.5075",
"BAYN.DE","2009-08-05","43.4","43.94","42.79","43","3359900","-0.40348","-0.92166","43.2825",
"BAYN.DE","2009-08-04","43.92","44.17","42.99","43.43","2861366","-0.49205","-1.12","43.6275",
"BAYN.DE","2009-08-03","42.17","44.28","42.02","43.92","4329266","1.75","4.15","43.0975",
"BAYN.DE","2009-07-31","43.1","43.18","41.98","42.38","4518909","-0.72824","-1.67","42.66",
"BAYN.DE","2009-07-30","42.32","43.28","41.75","42.81","5675367","0.49205","1.16","42.54",
"BAYN.DE","2009-07-29","40.35","42.1","40.35","41.56","7329596","1.21","3","41.09",
"BAYN.DE","2009-07-28","39.75","40.04","39.37","39.41","3647829","-0.3346","-0.85535","39.6425",
"BAYN.DE","2009-07-27","40.07","40.19","39.09","39.56","2783150","-0.51174","-1.27","39.7275",
"BAYN.DE","2009-07-24","40.08","40.3","39.18","39.54","4297843","-0.54126","-1.35","39.775",
"BAYN.DE","2009-07-23","39.33","40.47","39.12","40.32","5315724","0.98411","2.52","39.81",
"BAYN.DE","2009-07-22","38.05","39.26","37.95","38.86","4383937","0.81681","2.13","38.53",
"BAYN.DE","2009-07-21","37.71","38.83","37.65","38.05","3505689","0.3346","0.90162","38.06",
"BAYN.DE","2009-07-20","37.75","38.04","37.4","37.51","2894500","-0.23619","-0.63576","37.675",
"BAYN.DE","2009-07-17","37.3","37.7","37","37.26","4558083","-0.039365","-0.10724","37.315",
"BAYN.DE","2009-07-16","36.22","37.16","36.18","36.76","3906764","0.54126","1.49","36.58",
"BAYN.DE","2009-07-15","36.12","36.5","35.87","36.34","5442963","0.22634","0.60908","36.2075",
"BAYN.DE","2009-07-14","36.68","36.71","35.95","36.27","3736995","-0.40348","-1.12","36.4025",
"BAYN.DE","2009-07-13","34.95","36.61","34.8","36.61","3575211","1.66","4.75","35.7425",
"BAYN.DE","2009-07-10","35.87","35.87","35.02","35.09","3594398","-0.77745","-2.17","35.4625",
"BAYN.DE","2009-07-09","35.82","36.09","35.5","35.85","3294951","0.029521","0.08375209","35.815",
"BAYN.DE","2009-07-08","36.12","36.22","35.53","35.64","3415551","-0.47237","-1.33","35.8775",
"BAYN.DE","2009-07-07","36.61","36.95","35.78","35.96","2656983","-0.64951","-1.78","36.325",
"BAYN.DE","2009-07-06","36.22","36.78","36.16","36.47","2771944","0.24603","0.69023","36.4075",
"BAYN.DE","2009-07-03","36.81","37","36.38","36.81","1886855","0","0","36.75",
"BAYN.DE","2009-07-02","37.93","37.99","36.79","36.79","3198919","-1.14","-3.01","37.375",
"BAYN.DE","2009-07-01","37.75","38.24","37.47","38.1","3195973","0.35428","0.92715","37.89",
"BAYN.DE","2009-06-30","38.11","38.39","37.37","37.61","3490966","-0.50189","-1.31","37.87",
"BAYN.DE","2009-06-29","37.91","38.06","37.64","37.92","2723449","0.00984","0.02637826","37.8825",
"BAYN.DE","2009-06-26","38.19","38.56","37.8","37.94","3065396","-0.25587","-0.65462","38.1225",
"BAYN.DE","2009-06-25","38.18","38.18","37.06","38.05","3485523","-0.13777","-0.34049","37.8675",
"BAYN.DE","2009-06-24","37.67","38.35","37.06","38.26","3857119","0.59047","1.57","37.835",
"BAYN.DE","2009-06-23","37.95","38.7","37.58","37.85","3938275","-0.098413","-0.2635","38.02",
"BAYN.DE","2009-06-22","39.38","39.59","38.33","38.33","4048920","-1.05","-2.67","38.9075",
"BAYN.DE","2009-06-19","39.22","39.8","38.97","39.35","11697977","0.13778","0.33146","39.335",
"BAYN.DE","2009-06-18","39.07","39.54","38.66","39.34","3300513","0.27555","0.69107","39.1525",
"BAYN.DE","2009-06-17","38.97","39.65","38.47","38.73","4577966","-0.23618","-0.61586","38.955",
"BAYN.DE","2009-06-16","39.61","39.69","39.23","39.41","2508851","-0.19682","-0.50492","39.485",
"BAYN.DE","2009-06-15","40.41","40.61","38.95","39.19","4861512","-1.22","-3.02","39.79",
"BAYN.DE","2009-06-12","41.33","41.33","40.36","40.88","2330496","-0.45269","-1.09","40.975",
"BAYN.DE","2009-06-11","40.13","41.29","40.02","41.23","2526985","1.1","2.74","40.6675",
"BAYN.DE","2009-06-10","40.47","41.14","40.28","40.43","2684460","-0.039361","-0.09883865","40.58",
"BAYN.DE","2009-06-09","40.14","40.74","40","40.22","2440526","0.078726","0.1993","40.275",
"BAYN.DE","2009-06-08","40.27","40.56","39.56","40.08","2884141","-0.18698","-0.47182","40.1175",
"BAYN.DE","2009-06-05","41.78","41.78","40.26","40.68","4139785","-1.09","-2.63","41.125",
"BAYN.DE","2009-06-04","40.55","41.75","40.4","41.25","6971328","0.70855","1.73","40.9875",
"BAYN.DE","2009-06-03","39.77","40.17","39.25","39.95","3767233","0.18698","0.4526","39.785",
"BAYN.DE","2009-06-02","40.05","40.14","39.15","39.36","4057559","-0.68888","-1.72","39.675",
"BAYN.DE","2009-06-01","40.35","40.55","39.7","39.95","3230241","-0.39364","-0.99133","40.1375",
"BAYN.DE","2009-05-29","38.77","40.17","38.73","39.56","6659533","0.78728","2.04","39.3075",
"BAYN.DE","2009-05-28","38.53","38.98","38.08","38.2","4303528","-0.32476","-0.85648","38.4475",
"BAYN.DE","2009-05-27","39.58","40","38.74","38.92","3681988","-0.65935","-1.67","39.31",
"BAYN.DE","2009-05-26","38.35","39.48","38.18","39.36","3966532","1.01","2.63","38.8425",
"BAYN.DE","2009-05-25","38.63","38.95","38","38.73","2199639","0.10825","0.25887","38.5775",
"BAYN.DE","2009-05-22","39.34","39.44","38.38","38.68","3074695","-0.66919","-1.68","38.96",
"BAYN.DE","2009-05-21","39.86","40.06","38.99","39.16","3721706","-0.69871","-1.76","39.5175",
"BAYN.DE","2009-05-20","37.79","40.35","37.66","40.28","11236132","2.49","6.59","39.02",
"BAYN.DE","2009-05-19","37.28","37.92","36.93","37.87","7349621","0.59046","1.58","37.5",
"BAYN.DE","2009-05-18","36.32","36.97","35.72","36.9","5287434","0.58062","1.6","36.4775",
"BAYN.DE","2009-05-15","36.95","36.95","36.27","36.4","6653084","-0.5511","-1.49","36.6425",
"BAYN.DE","2009-05-14","36.51","36.83","36.19","36.7","5449257","0.18698","0.52041","36.5575",
"BAYN.DE","2009-05-13","36.84","36.93","36.22","36.47","8648672","-0.36412","-1","36.615",
"BAYN.DE","2009-05-12","37.42","38.27","37.42","37.67","9644066","0.25587","0.66809","37.695",
"BAYN.DE","2009-05-11","37.76","37.95","37.02","37.59","8351695","-0.1673","-0.45021","37.58",
"BAYN.DE","2009-05-08","37.4","37.78","37.35","37.44","5218046","0.039365","0.10695","37.4925",
"BAYN.DE","2009-05-07","37.5","38","37.06","37.18","6468673","-0.32476","-0.85333","37.435",
"BAYN.DE","2009-05-06","37.4","37.54","37.01","37.25","4762479","-0.14762","-0.40107","37.3",
"BAYN.DE","2009-05-05","37.42","37.97","37.31","37.31","4749222","-0.10825","-0.29396","37.5025",
"BAYN.DE","2009-05-04","37.2","37.89","37.13","37.54","4514689","0.34444","0.91398","37.44",
"BAYN.DE","2009-04-30","37.05","37.48","36.84","37.01","5983118","-0.039366","-0.10796","37.095",
"BAYN.DE","2009-04-29","37.41","37.47","36.25","36.78","11620821","-0.62983","-1.68","36.9775",
"BAYN.DE","2009-04-28","37.74","38.35","37.74","38.02","2951379","0.27555","0.74192","37.9625",
"BAYN.DE","2009-04-27","37.9","38.38","37.7","38.25","3823687","0.35428","0.92348","38.0575",
"BAYN.DE","2009-04-24","38.08","38.47","37.9","38.3","3467116","0.22634","0.57773","38.1875",
"BAYN.DE","2009-04-23","38.75","38.75","37.97","38.08","4473627","-0.66919","-1.73","38.3875",
"BAYN.DE","2009-04-22","38.07","38.75","37.74","38.57","4655140","0.50189","1.31","38.2825",
"BAYN.DE","2009-04-21","37.59","38.31","37.4","38.26","5666242","0.66919","1.78","37.89",
"BAYN.DE","2009-04-20","37.59","37.69","37.1","37.41","4166906","-0.18698","-0.47885","37.4475",
"BAYN.DE","2009-04-17","37.59","38.28","37.35","37.59","7286479","0","0","37.7025",
"BAYN.DE","2009-04-16","37.54","37.96","37.12","37.64","3187375","0.098409","0.26638","37.565",
"BAYN.DE","2009-04-15","36.68","37.46","36.48","37.24","3577487","0.56094","1.53","36.965",
"BAYN.DE","2009-04-14","36.7","36.9","36.34","36.76","4327463","0.059043","0.16349","36.675",
"BAYN.DE","2009-04-09","36.55","37.15","36.32","36.99","3318490","0.44285","1.2","36.7525",
"BAYN.DE","2009-04-08","35.82","36.69","35.76","36.31","4229228","0.49205","1.37","36.145",
"BAYN.DE","2009-04-07","36.58","37","36.14","36.4","3471408","-0.17714","-0.49207","36.53",
"BAYN.DE","2009-04-06","36.19","37.14","35.99","36.35","5516674","0.1673","0.44211","36.4175",
"BAYN.DE","2009-04-03","36.15","36.69","35.63","35.94","4670520","-0.20666","-0.58091","36.1025",
"BAYN.DE","2009-04-02","35.7","36.44","35.61","36.26","5978573","0.56094","1.57","36.0025",
"BAYN.DE","2009-04-01","35.21","35.41","34.4","35.24","5607014","0.029526","0.08520307","35.065",
"BAYN.DE","2009-03-31","35.62","35.92","34.89","35.43","5295135","-0.19682","-0.53341","35.465",
"BAYN.DE","2009-03-30","36.41","36.64","35.59","35.67","5291051","-0.73808","-2.03","36.0775",
"BAYN.DE","2009-03-27","37.35","37.5","36.45","36.93","4545315","-0.41333","-1.12","37.0575",
"BAYN.DE","2009-03-26","37.74","37.91","37.24","37.47","4377186","-0.2657","-0.71542","37.59",
"BAYN.DE","2009-03-25","37.87","38.59","37.7","37.94","3915882","0.068887","0.18484","38.025",
"BAYN.DE","2009-03-24","37.96","38.42","37.65","38.06","4706482","0.098409","0.26344","38.0225",
"BAYN.DE","2009-03-23","37.4","37.92","37.2","37.49","6892299","0.098409","0.24064","37.5025",
"BAYN.DE","2009-03-20","35.92","37.14","35.33","37.14","20881478","1.22","3.4","36.3825",
"BAYN.DE","2009-03-19","33.51","34.16","33.04","33.38","6830692","-0.12794","-0.38794","33.5225",
"BAYN.DE","2009-03-18","32.75","33.69","32.69","33.07","13907170","0.31491","0.9771","33.05",
"BAYN.DE","2009-03-17","35.87","36.25","32.17","32.17","16602526","-3.7","-10.32","34.115",
"BAYN.DE","2009-03-16","36.82","37.04","35.58","35.88","5703338","-0.9349","-2.55","36.33",
"BAYN.DE","2009-03-13","37.1","37.66","36.1","36.22","4511799","-0.8857","-2.37","36.77",
"BAYN.DE","2009-03-12","36.51","37.22","35.98","36.85","4224854","0.34444","0.93125","36.64",
"BAYN.DE","2009-03-11","36.28","37.44","36.16","36.63","5140183","0.34444","0.96472","36.6275",
"BAYN.DE","2009-03-10","35.23","36.8","35.01","36.76","6259019","1.53","4.34","35.95",
"BAYN.DE","2009-03-09","34.07","35.07","33.67","34.82","4877107","0.74792","2.2","34.4075",
"BAYN.DE","2009-03-06","35.3","35.66","33.81","34.06","6584907","-1.24","-3.51","34.7075",
"BAYN.DE","2009-03-05","36.53","36.69","35.13","35.13","5706169","-1.4","-3.83","35.87",
"BAYN.DE","2009-03-04","36.07","37.15","35.82","37.07","5506828","1","2.77","36.5275",
"BAYN.DE","2009-03-03","35.43","36.44","34.94","35.83","6758708","0.40348","1.13","35.66",
"BAYN.DE","2009-03-02","36.9","37","35.92","36.12","6126834","-0.78728","-2.11","36.485",
"BAYN.DE","2009-02-27","37.69","37.69","36.61","37.47","7473254","-0.2165","-0.58371","37.365",
"BAYN.DE","2009-02-26","39.16","39.62","37.82","37.97","6806774","-1.19","-3.04","38.6425",
"BAYN.DE","2009-02-25","39.92","39.93","38.48","38.81","5201879","-1.1","-2.78","39.285",
"BAYN.DE","2009-02-24","39.95","40.66","38.99","39.25","4896174","-0.70855","-1.75","39.7125",
"BAYN.DE","2009-02-23","40.93","41.32","39.97","40.25","3459334","-0.67903","-1.66","40.6175",
"BAYN.DE","2009-02-20","41.33","41.63","40.34","40.34","6849164","-0.99395","-2.4","40.91",
"BAYN.DE","2009-02-19","41.8","42.49","41.66","41.82","3118788","0.019682","0.04784689","41.9425",
"BAYN.DE","2009-02-18","41.6","42.13","40.9","41.83","3562621","0.23618","0.55288","41.615",
"BAYN.DE","2009-02-17","42.51","42.54","41.34","41.4","4329358","-1.11","-2.61","41.9475",
"BAYN.DE","2009-02-16","42.46","43.19","42.34","42.73","2206253","0.2657","0.63589","42.68",
"BAYN.DE","2009-02-13","42.91","43.2","42.21","42.48","2737028","-0.42317","-1","42.7",
"BAYN.DE","2009-02-12","42.81","43.14","42.07","42.42","4090802","-0.3838","-0.911","42.61",
"BAYN.DE","2009-02-11","42.51","43.28","42.36","43.2","2977056","0.68888","1.62","42.8375",
"BAYN.DE","2009-02-10","43.08","43.38","42.51","42.51","4570981","-0.57078","-1.32","42.87",
"BAYN.DE","2009-02-09","43.31","43.73","42.92","43.1","3004074","-0.20666","-0.48488","43.265",
"BAYN.DE","2009-02-06","42.37","43.31","42.22","43.31","4792465","0.94474","2.22","42.8025",
"BAYN.DE","2009-02-05","41.31","42.09","40.84","42.04","3721086","0.72824","1.77","41.57",
"BAYN.DE","2009-02-04","42.23","42.61","41.57","41.81","4549648","-0.41332","-0.99455","42.055",
"BAYN.DE","2009-02-03","41.6","42.34","40.61","42.21","3757844","0.61015","1.47","41.69",
"BAYN.DE","2009-02-02","40.79","41.73","40.38","41.52","2689245","0.72824","1.79","41.105",
"BAYN.DE","2009-01-30","42.2","42.46","40.84","40.95","4062170","-1.25","-2.96","41.6125",
"BAYN.DE","2009-01-29","42.1","42.64","41.33","42","3506431","-0.098409","-0.23753","42.0175",
"BAYN.DE","2009-01-28","41.23","42.32","41.2","42.31","4592520","1.07","2.62","41.765",
"BAYN.DE","2009-01-27","42.38","42.38","40.59","41.19","4487084","-1.18","-2.81","41.635",
"BAYN.DE","2009-01-26","42.44","42.89","41.59","42.35","3923486","-0.098413","-0.21206","42.3175",
"BAYN.DE","2009-01-23","41.45","42.56","40.94","42.31","4483630","0.85618","2.07","41.815",
"BAYN.DE","2009-01-22","42.32","42.79","41.33","41.45","2957250","-0.86601","-2.06","41.9725",
"BAYN.DE","2009-01-21","41.62","42.72","41.11","41.7","4488196","0.078727","0.19222","41.7875",
"BAYN.DE","2009-01-20","42.2","42.69","41.33","41.53","4138747","-0.66919","-1.59","41.9375",
"BAYN.DE","2009-01-19","43.24","43.65","41.53","42.06","2980148","-1.18","-2.73","42.62",
"BAYN.DE","2009-01-16","42.55","43.23","42.12","42.4","4116195","-0.15746","-0.35253","42.575",
"BAYN.DE","2009-01-15","43.15","43.2","41.53","41.97","4620368","-1.18","-2.73","42.4625",
"BAYN.DE","2009-01-14","43.65","43.78","42.08","42.78","5623204","-0.86601","-1.99","43.0725",
"BAYN.DE","2009-01-13","42.91","43.2","41.87","43.19","4007040","0.28539","0.65253","42.7925",
"BAYN.DE","2009-01-12","43.18","44.28","43.03","43.31","3279950","0.12793","0.30107","43.45",
"BAYN.DE","2009-01-09","43.79","44.58","42.72","43.42","3784508","-0.37396","-0.84494","43.6275",
"BAYN.DE","2009-01-08","43","43.82","42.13","43.34","3289574","0.34444","0.7907","43.0725",
"BAYN.DE","2009-01-07","43.51","43.88","42.64","43.05","4383561","-0.45269","-1.06","43.27",
"BAYN.DE","2009-01-06","42.42","44.13","42.22","43.59","5046206","1.16","2.76","43.09",
"BAYN.DE","2009-01-05","42.66","42.94","41.92","42.16","3429228","-0.50189","-1.17","42.42",
"BAYN.DE","2009-01-02","41.8","42.22","41.29","42.15","3088175","0.34444","0.83732","41.865",
"BAYN.DE","2008-12-30","40.15","40.89","39.7","40.89","2535398","0.73808","1.84","40.4075",
"BAYN.DE","2008-12-29","39.24","39.94","38.69","39.73","3059871","0.49205","1.25","39.4",
"BAYN.DE","2008-12-23","38.78","39.44","38.33","38.63","2984135","-0.15746","-0.3868","38.795",
"BAYN.DE","2008-12-22","40.34","40.35","38.38","38.58","4763952","-1.76","-4.36","39.4125",
"BAYN.DE","2008-12-19","39.06","40.2","38.65","39.27","9454992","0.20666","0.53763","39.295",
"BAYN.DE","2008-12-18","39.4","39.81","38.58","39.44","4569465","0.039366","0.10152","39.3075",
"BAYN.DE","2008-12-17","39.76","40","38.86","39.4","4278790","-0.35428","-0.90543","39.505",
"BAYN.DE","2008-12-16","39.21","40.07","38.83","39.37","3921542","0.1673","0.40806","39.37",
"BAYN.DE","2008-12-15","39.61","39.84","38.49","38.77","3137680","-0.83649","-2.12","39.1775",
"BAYN.DE","2008-12-12","37.9","39.33","37.55","38.97","5129865","1.07","2.82","38.4375",
"BAYN.DE","2008-12-11","40.35","40.44","39.13","39.19","4352022","-1.16","-2.87","39.7775",
"BAYN.DE","2008-12-10","40.25","40.57","39.52","39.76","4479188","-0.49205","-1.22","40.025",
"BAYN.DE","2008-12-09","38.48","40.37","38.39","40.2","5246122","1.72","4.47","39.36",
"BAYN.DE","2008-12-08","38.87","39.84","38.12","38.6","7736981","-0.27555","-0.69462","38.8575",
"BAYN.DE","2008-12-05","39.42","39.42","35.34","36.31","10838940","-3.11","-7.89","37.6225",
"BAYN.DE","2008-12-04","39.64","40.84","38.33","39.48","4453695","-0.15746","-0.40363","39.5725",
"BAYN.DE","2008-12-03","39.25","39.83","37.6","39.27","4900919","0.019683","0.05095541","38.9875",
"BAYN.DE","2008-12-02","37.85","39.26","37.46","38.75","4761161","0.90538","2.38","38.33",
"BAYN.DE","2008-12-01","40.37","40.4","37.72","38.18","4890951","-2.18","-5.42","39.1675",
"BAYN.DE","2008-11-28","40.82","41.18","39.49","40.03","4124720","-0.78728","-1.94","40.38",
"BAYN.DE","2008-11-27","40.94","41.53","40.63","40.82","2944347","-0.11809","-0.29311","40.98",
"BAYN.DE","2008-11-26","41.15","41.49","39.85","40.68","3845310","-0.46253","-1.14","40.7925",
"BAYN.DE","2008-11-25","39.46","41.52","39.46","41.15","7583780","1.68","4.28","40.3975",
"BAYN.DE","2008-11-24","36.9","40.65","36.17","39.7","7558691","2.79","7.59","38.355",
"BAYN.DE","2008-11-21","37.46","38.29","35.98","36.24","7203016","-1.21","-3.26","36.9925",
"BAYN.DE","2008-11-20","36.37","38.34","36.31","37.33","7416740","0.95459","2.64","37.0875",
"BAYN.DE","2008-11-19","39.27","40.55","36.76","37.39","9103556","-1.88","-4.79","38.4925",
"BAYN.DE","2008-11-18","39.26","39.46","37.9","38.95","6377445","-0.30507","-0.78961","38.8925",
"BAYN.DE","2008-11-17","39.07","40.79","38.72","39.21","4713615","0.13777","0.35833","39.4475",
"BAYN.DE","2008-11-14","41.02","41.31","39.29","39.4","5070256","-1.61","-3.95","40.255",
"BAYN.DE","2008-11-13","39.29","40.13","38.54","39.59","4580687","0.30508","0.76355","39.3875",
"BAYN.DE","2008-11-12","40.6","41.12","38.58","39.4","5222153","-1.2","-2.96","39.925",
"BAYN.DE","2008-11-11","42.12","42.29","39.74","40.11","6314120","-2.01","-4.77","41.065",
"BAYN.DE","2008-11-10","43.18","44.44","42.52","42.78","4956690","-0.40348","-0.92635","43.23",
"BAYN.DE","2008-11-07","40.98","43.07","40.53","42.44","5966769","1.47","3.56","41.755",
"BAYN.DE","2008-11-06","41.8","42.28","40.18","40.75","6894344","-1.04","-2.51","41.2525",
"BAYN.DE","2008-11-05","43.3","43.53","41.94","42.69","6736344","-0.61015","-1.41","42.865",
"BAYN.DE","2008-11-04","43.4","44.3","42.34","43.87","5954872","0.47238","1.08","43.4775",
"BAYN.DE","2008-11-03","43.5","43.66","42.6","42.73","6151537","-0.76761","-1.77","43.1225",
"BAYN.DE","2008-10-31","39.43","43.5","38.88","42.47","9791325","3.04","7.71","41.07",
"BAYN.DE","2008-10-30","43.61","43.65","39.03","40.11","11223104","-3.49","-8.03","41.6",
"BAYN.DE","2008-10-29","41.33","43.05","39.49","42.75","14083141","1.42","3.44","41.655",
"BAYN.DE","2008-10-28","37.89","40.53","32.52","37.7","23059001","-0.18698","-0.50145","37.16",
"BAYN.DE","2008-10-27","37.9","38.37","35.55","37.24","12781363","-0.65935","-1.74","37.265",
"BAYN.DE","2008-10-24","40.45","41.09","37.46","40.79","12152833","0.34444","0.84054","39.9475",
"BAYN.DE","2008-10-23","40.53","43.01","40.52","42.48","7505142","1.96","4.81","41.635",
"BAYN.DE","2008-10-22","42.07","42.12","40.08","41.06","7967451","-1.01","-2.4","41.3325",
"BAYN.DE","2008-10-21","42.2","43.28","41.82","42.5","8535022","0.30507","0.7109","42.45",
"BAYN.DE","2008-10-20","40.35","41.64","39.17","41.14","9618192","0.78728","1.96","40.575",
"BAYN.DE","2008-10-17","39.12","39.58","34.25","38.87","17208200","-0.24603","-0.63906","37.955",
"BAYN.DE","2008-10-16","39.86","39.86","35.32","37.67","17214404","-2.18","-5.49","38.1775",
"BAYN.DE","2008-10-15","44.32","44.47","40.46","41.21","10662347","-3.11","-7.02","42.615",
"BAYN.DE","2008-10-14","43.3","45.92","43.05","44.48","9623181","1.18","2.73","44.1875",
"BAYN.DE","2008-10-13","41.43","42.95","40.35","42.94","11672330","1.51","3.64","41.9175",
"BAYN.DE","2008-10-10","39.59","41.17","37.72","40.55","16805592","0.95458","2.42","39.7575",
"BAYN.DE","2008-10-09","46.38","46.78","42.81","43.99","10101868","-2.39","-5.15","44.99",
"BAYN.DE","2008-10-08","48.41","48.53","44.54","45.6","15678405","-2.8","-5.8","46.77",
"BAYN.DE","2008-10-07","49.7","50.22","47.76","49.3","8478391","-0.39364","-0.80483","49.245",
"BAYN.DE","2008-10-06","49.21","49.64","47.99","49.04","8027955","-0.1673","-0.34546","48.97",
"BAYN.DE","2008-10-03","49.14","50.97","48.02","50.97","7143650","1.83","3.72","49.775",
"BAYN.DE","2008-10-02","51.19","51.71","48.15","48.61","9585303","-2.59","-5.04","49.915",
"BAYN.DE","2008-10-01","51.51","52.75","50.92","51.57","6776193","0.059049","0.11648","51.6875",
"BAYN.DE","2008-09-30","50.39","51.4","49.8","50.98","7454349","0.59046","1.17","50.6425",
"BAYN.DE","2008-09-29","52.75","52.75","51.22","51.4","6078103","-1.35","-2.56","52.03",
"BAYN.DE","2008-09-26","52.75","53.26","52.33","52.78","3909678","0.029526","0.05687204","52.78",
"BAYN.DE","2008-09-25","52.94","53.72","52.21","53.56","4908058","0.61015","1.17","53.1075",
"BAYN.DE","2008-09-24","53.21","54.28","52.79","53.34","3674041","0.12794","0.24431","53.405",
"BAYN.DE","2008-09-23","53.37","54.62","53.12","53.9","5509568","0.53142","0.99307","53.7525",
"BAYN.DE","2008-09-22","56.29","56.29","53.32","53.32","8023768","-2.97","-5.28","54.805",
"BAYN.DE","2008-09-19","55.01","56.62","52.93","56.62","15638715","1.6","2.93","55.295",
"BAYN.DE","2008-09-18","52.93","54.79","52.26","53.81","7412209","0.8857","1.66","53.4475",
"BAYN.DE","2008-09-17","56.53","56.68","53.22","53.73","9177656","-2.79","-4.95","55.04",
"BAYN.DE","2008-09-16","53.83","56.85","53.81","55.42","13495394","1.58","2.95","54.9775",
"BAYN.DE","2008-09-15","52.17","55.51","51.76","55.05","10522904","2.88","5.52","53.6225",
"BAYN.DE","2008-09-12","53.28","53.62","52.72","53.58","4413775","0.30507","0.56306","53.3",
"BAYN.DE","2008-09-11","53.39","53.63","51.9","52.8","4679240","-0.59046","-1.11","52.93",
"BAYN.DE","2008-09-10","52.82","53.51","52.32","53.2","4839186","0.3838","0.71942","52.9625",
"BAYN.DE","2008-09-09","51.61","53.97","51.58","52.49","7641516","0.8857","1.71","52.4125",
"BAYN.DE","2008-09-08","52.75","52.82","51.71","51.86","4815730","-0.88569","-1.69","52.285",
"BAYN.DE","2008-09-05","51.86","52.86","51.09","51.37","5370171","-0.49205","-0.94485","51.795",
"BAYN.DE","2008-09-04","54.13","54.13","52.1","52.43","4795698","-1.69","-3.14","53.1975",
"BAYN.DE","2008-09-03","54.38","54.83","53.54","53.81","2956771","-0.57078","-1.05","54.14",
"BAYN.DE","2008-09-02","53.58","54.76","52.93","54.64","3727230","1.05","1.98","53.9775",
"BAYN.DE","2008-09-01","53.03","53.94","52.65","53.63","2345106","0.60031","1.13","53.3125",
"BAYN.DE","2008-08-29","53.56","53.83","52.88","53.15","2834366","-0.40348","-0.7655","53.355",
"BAYN.DE","2008-08-28","52.36","53.7","51.75","53.37","4278894","1","1.93","52.795",
"BAYN.DE","2008-08-27","52.4","52.9","51.95","52.71","2843647","0.30507","0.5916","52.49",
"BAYN.DE","2008-08-26","51.56","52.55","51.11","52.33","2830545","0.77745","1.49","51.8875",
"BAYN.DE","2008-08-25","51.52","52.09","51.43","51.51","1308934","-0.009839","-0.01940994","51.6375",
"BAYN.DE","2008-08-22","51.68","52.11","50.99","52.01","2613626","0.3346","0.63854","51.6975",
"BAYN.DE","2008-08-21","51.98","52.19","51.33","51.48","2661108","-0.50189","-0.96191","51.745",
"BAYN.DE","2008-08-20","51.97","52.76","51.82","52.2","2468286","0.22634","0.44256","52.1875",
"BAYN.DE","2008-08-19","52.94","52.99","51.72","51.91","3220070","-1.03","-1.95","52.39",
"BAYN.DE","2008-08-18","53.34","53.39","52.56","52.94","2245606","-0.40348","-0.74991","53.0575",
"BAYN.DE","2008-08-15","53.46","53.61","52.32","52.98","3412933","-0.47237","-0.89787","53.0925",
"BAYN.DE","2008-08-14","52.86","53.62","52.41","53.04","2705484","0.18698","0.34052","52.9825",
"BAYN.DE","2008-08-13","53.04","54.32","52.4","52.55","4397078","-0.49205","-0.92383","53.0775",
"BAYN.DE","2008-08-12","53.39","53.78","52.73","53.1","2541551","-0.28539","-0.54317","53.25",
"BAYN.DE","2008-08-11","54.22","54.22","53.11","53.4","3208725","-0.82665","-1.51","53.7375",
"BAYN.DE","2008-08-08","54.77","54.78","53.29","53.63","4606972","-1.13","-2.08","54.1175",
"BAYN.DE","2008-08-07","54.96","55.49","54.49","54.78","3524310","-0.18698","-0.32751","54.93",
"BAYN.DE","2008-08-06","54.6","55.5","54.25","54.64","3877649","0.039365","0.07326007","54.7475",
"BAYN.DE","2008-08-05","53.54","54.99","53.07","54.6","5054209","1.06","1.98","54.05",
"BAYN.DE","2008-08-04","54.72","54.72","53.44","53.75","2330037","-0.96442","-1.77","54.1575",
"BAYN.DE","2008-08-01","55.06","55.06","53.79","54.03","3342914","-1.03","-1.87","54.485",
"BAYN.DE","2008-07-31","54.51","55.29","53.81","54.54","4900501","0.029522","0.05503577","54.5375",
"BAYN.DE","2008-07-30","54.91","55.82","53.34","53.75","7362017","-1.16","-2.11","54.455",
"BAYN.DE","2008-07-29","54.19","55.08","53.64","54.81","4714246","0.61999","1.14","54.43",
"BAYN.DE","2008-07-28","54.67","55.89","54.45","55.07","3449515","0.40348","0.73166","55.02",
"BAYN.DE","2008-07-25","52.44","55.86","52.31","55.06","6222567","2.62","5","53.9175",
"BAYN.DE","2008-07-24","53.3","54.03","52.71","53.13","3813518","-0.1673","-0.31895","53.2925",
"BAYN.DE","2008-07-23","53.36","54","52.99","53.25","3883037","-0.10825","-0.20615","53.4",
"BAYN.DE","2008-07-22","52.13","53.62","52.07","53.36","4316034","1.23","2.36","52.795",
"BAYN.DE","2008-07-21","52.02","53.09","51.84","52.65","2787667","0.62983","1.21","52.4",
"BAYN.DE","2008-07-18","52.55","52.74","51.37","52.48","6079720","-0.068888","-0.13321","52.285",
"BAYN.DE","2008-07-17","52.69","52.94","51.27","52.01","8105375","-0.67904","-1.29","52.2275",
"BAYN.DE","2008-07-16","53.44","53.85","52.48","52.98","5488369","-0.45269","-0.86078","53.1875",
"BAYN.DE","2008-07-15","53.14","53.76","52.63","52.93","4638126","-0.21651","-0.39518","53.115",
"BAYN.DE","2008-07-14","53.98","54.27","53.54","54.04","2708817","0.059048","0.11115","53.9575",
"BAYN.DE","2008-07-11","55.21","55.36","53.2","53.44","5482617","-1.77","-3.21","54.3025",
"BAYN.DE","2008-07-10","54.62","56.09","54.12","54.38","6133976","-0.23619","-0.4394","54.8025",
"BAYN.DE","2008-07-09","54.13","55.26","53.77","55.24","4924362","1.11","2.05","54.6",
"BAYN.DE","2008-07-08","53.14","54.44","52.57","53.82","6352074","0.67903","1.28","53.4925",
"BAYN.DE","2008-07-07","52.51","54.5","52.43","54.1","5523359","1.58","3.03","53.385",
"BAYN.DE","2008-07-04","51.97","52.82","51.47","51.99","2674725","0.019683","0.03848374","52.0625",
"BAYN.DE","2008-07-03","51.17","52.42","50.82","51.78","5930705","0.61015","1.19","51.5475",
"BAYN.DE","2008-07-02","51.76","52.66","51.06","51.68","5894430","-0.088569","-0.15456","51.79",
"BAYN.DE","2008-07-01","52.16","52.38","51.26","51.82","4743979","-0.3346","-0.65184","51.905",
"BAYN.DE","2008-06-30","52.45","52.77","51.22","52.61","4753740","0.15746","0.30505","52.2625",
"BAYN.DE","2008-06-27","51.19","52.97","50.47","52.31","5949526","1.11","2.19","51.735",
"BAYN.DE","2008-06-26","51.41","51.9","50.91","51.14","3866677","-0.26571","-0.52519","51.34",
"BAYN.DE","2008-06-25","51.67","51.9","50.41","51.65","4324359","-0.019682","-0.03870718","51.4075",
"BAYN.DE","2008-06-24","51.27","51.73","50.3","51.25","5912995","-0.019678","-0.03900917","51.1375",
"BAYN.DE","2008-06-23","49.91","51.15","49.89","50.78","4300441","0.86601","1.74","50.4325",
"BAYN.DE","2008-06-20","51.33","51.64","49.51","49.81","8555431","-1.53","-2.96","50.5725",
"BAYN.DE","2008-06-19","50.78","51.58","50.39","51.4","4071775","0.61999","1.22","51.0375",
"BAYN.DE","2008-06-18","52.16","52.3","50.89","50.89","5758500","-1.27","-2.43","51.56",
"BAYN.DE","2008-06-17","51.82","52.45","51.67","52.19","3188346","0.36412","0.71401","52.0325",
"BAYN.DE","2008-06-16","52.94","53.2","51.2","51.6","4385503","-1.34","-2.53","52.235",
"BAYN.DE","2008-06-13","52.36","53.05","51.84","52.97","3186505","0.61015","1.17","52.555",
"BAYN.DE","2008-06-12","52.4","53.15","52.32","52.72","3754672","0.31491","0.61069","52.6475",
"BAYN.DE","2008-06-11","54.13","54.13","52.36","52.53","5001960","-1.59","-2.96","53.2875",
"BAYN.DE","2008-06-10","54.18","54.18","53.36","53.92","4604752","-0.25586","-0.47988","53.91",
"BAYN.DE","2008-06-09","54.32","54.82","54","54.52","3015419","0.19682","0.36819","54.415",
"BAYN.DE","2008-06-06","55.85","56.43","54.37","54.42","4723940","-1.43","-2.56","55.2675",
"BAYN.DE","2008-06-05","55.36","55.74","54.77","55.43","3204042","0.07873","0.12645","55.325",
"BAYN.DE","2008-06-04","55.61","55.67","54.78","55.22","3011714","-0.39364","-0.70131","55.32",
"BAYN.DE","2008-06-03","55.02","56.2","54.91","55.95","3394697","0.92506","1.69","55.52",
"BAYN.DE","2008-06-02","55.87","56.07","54.98","55.21","2994333","-0.65935","-1.18","55.5325",
"BAYN.DE","2008-05-30","55.41","56.66","55.25","56.09","6113907","0.68888","1.23","55.8525",
"BAYN.DE","2008-05-29","55.42","56.26","54.82","55.47","3950762","0.059045","0.09022014","55.4925",
"BAYN.DE","2008-05-28","54.22","55.66","53.81","55.5","5856659","1.28","2.36","54.7975",
"BAYN.DE","2008-05-27","54.05","54.1","53.17","53.88","2833204","-0.1673","-0.31452","53.8",
"BAYN.DE","2008-05-26","53.65","54.07","53.16","53.65","1564436","0","0","53.6325",
"BAYN.DE","2008-05-23","54.33","54.89","53.64","53.83","4562365","-0.50189","-0.9203","54.1725",
"BAYN.DE","2008-05-22","53.32","54.25","53.15","54.08","3491866","0.75776","1.43","53.7",
"BAYN.DE","2008-05-21","54.27","54.86","53.33","53.63","4540750","-0.63967","-1.18","54.0225",
"BAYN.DE","2008-05-20","53.93","54.2","53.21","53.68","2682546","-0.24603","-0.46356","53.755",
"BAYN.DE","2008-05-19","54.2","54.45","53.87","54.26","2823256","0.059043","0.1107","54.195",
"BAYN.DE","2008-05-16","54.63","54.99","53.93","54.28","5377596","-0.34444","-0.64067","54.4575",
"BAYN.DE","2008-05-15","54.71","54.81","53.79","54.16","5166134","-0.5511","-1.01","54.3675",
"BAYN.DE","2008-05-14","55.79","55.85","54.75","55.11","3618279","-0.67903","-1.22","55.375",
"BAYN.DE","2008-05-13","55.36","55.64","54.77","55.49","3189655","0.13777","0.23483","55.315",
"BAYN.DE","2008-05-12","54.99","55.6","54.59","54.92","2053797","-0.068887","-0.1273","55.025",
"BAYN.DE","2008-05-09","55.01","55.61","54.6","55.03","3522729","0.019678","0.03635703","55.0625",
"BAYN.DE","2008-05-08","53.93","55.54","53.88","55.36","4339312","1.43","2.65","54.6775",
"BAYN.DE","2008-05-07","54.46","54.91","54.22","54.49","3397106","0.029523","0.0550863","54.52",
"BAYN.DE","2008-05-06","54.01","54.72","53.65","54.07","3530643","0.059045","0.11109","54.1125",
"BAYN.DE","2008-05-05","53.73","54.32","53.5","54.1","1682245","0.36412","0.68863","53.9125",
"BAYN.DE","2008-05-02","54.6","54.67","53.63","53.79","4168845","-0.80697","-1.48","54.1725",
"BAYN.DE","2008-04-30","53.35","54.07","53","53.93","3727955","0.58062","1.09","53.5875",
"BAYN.DE","2008-04-29","52.75","53.82","52.5","53.21","4133636","0.46253","0.87204","53.07",
"BAYN.DE","2008-04-28","53.93","54.38","53.14","53.35","4485126","-0.58062","-1.08","53.7",
"BAYN.DE","2008-04-25","53.17","55.85","52.96","54.48","9419273","1.31","2.46","54.115",
"BAYN.DE","2008-04-24","52.73","53.48","51.96","52.84","9088455","0.10825","0.20861","52.7525",
"BAYN.DE","2008-04-23","50.28","51.5","49.88","51.25","6299991","0.97427","1.93","50.7275",
"BAYN.DE","2008-04-22","52.05","52.22","50.5","50.68","4740040","-1.37","-2.63","51.3625",
"BAYN.DE","2008-04-21","51.85","52.92","51.72","52.15","4800443","0.29523","0.57859","52.16",
"BAYN.DE","2008-04-18","51.35","52.09","51.09","51.86","5586916","0.51174","0.99318","51.5975",
"BAYN.DE","2008-04-17","51.66","51.66","50.68","50.71","2669762","-0.94474","-1.84","51.1775",
"BAYN.DE","2008-04-16","50.63","51.32","49.85","51.24","3389029","0.61015","1.2","50.76",
"BAYN.DE","2008-04-15","50.67","50.71","50.04","50.16","3316540","-0.51174","-1.01","50.395",
"BAYN.DE","2008-04-14","49.7","50.58","49.46","50.36","3350938","0.65935","1.33","50.025",
"BAYN.DE","2008-04-11","51.89","52.03","50.04","50.18","3874693","-1.71","-3.3","51.035",
"BAYN.DE","2008-04-10","51.77","51.95","50.61","51.42","4355314","-0.35428","-0.67607","51.4375",
"BAYN.DE","2008-04-09","51.38","52.34","51","52.06","4235101","0.67904","1.32","51.695",
"BAYN.DE","2008-04-08","51.52","51.75","50.82","51.58","3904120","0.059049","0.11646","51.4175",
"BAYN.DE","2008-04-07","51.42","51.8","50.88","51.19","3906340","-0.22634","-0.4473","51.3225",
"BAYN.DE","2008-04-04","52.11","52.26","50.54","51.17","4170207","-0.9349","-1.8","51.52",
"BAYN.DE","2008-04-03","51.16","51.87","50.97","51.66","5315318","0.49205","0.97733","51.415",
"BAYN.DE","2008-04-02","52.06","52.07","50.09","50.77","7394562","-1.29","-2.48","51.2475",
"BAYN.DE","2008-04-01","49.71","51.26","49.66","51.26","5243809","1.55","3.12","50.4725",
"BAYN.DE","2008-03-31","49.54","50.53","49.23","49.95","4013306","0.41332","0.82761","49.8125",
"BAYN.DE","2008-03-28","49.7","50.17","49.41","50.03","4362954","0.3346","0.66398","49.8275",
"BAYN.DE","2008-03-27","48.71","50.39","48.63","49.78","4189747","1.06","2.2","49.3775",
"BAYN.DE","2008-03-26","49.51","50.19","49.02","49.02","5382135","-0.49205","-0.9897","49.435",
"BAYN.DE","2008-03-25","48.85","49.58","48.36","49.51","6572872","0.65935","1.35","49.075",
"BAYN.DE","2008-03-20","48.48","49.11","47.19","47.47","13484704","-1","-2.08","48.0625",
"BAYN.DE","2008-03-19","49.6","50.06","48.37","49.16","6994526","-0.44285","-0.8871","49.2975",
"BAYN.DE","2008-03-18","47.83","49.1","47.6","48.81","6851323","0.98411","2.05","48.335",
"BAYN.DE","2008-03-17","46.56","47.74","46.5","47.07","7814320","0.51174","1.1","46.9675",
"BAYN.DE","2008-03-14","47.83","48.68","46.64","47.59","7520545","-0.23618","-0.50178","47.685",
"BAYN.DE","2008-03-13","46.85","47.78","46.35","47.68","7024443","0.82665","1.77","47.165",
"BAYN.DE","2008-03-12","46.8","47.93","46.51","47.34","8516899","0.53142","1.15","47.145",
"BAYN.DE","2008-03-11","45.17","46.46","44.88","46.25","6905787","1.08","2.39","45.69",
"BAYN.DE","2008-03-10","45.65","45.93","44.88","45.17","5023145","-0.48221","-1.05","45.4075",
"BAYN.DE","2008-03-07","46.25","46.66","45.52","46.01","7170095","-0.24603","-0.51892","46.11",
"BAYN.DE","2008-03-06","48.22","48.32","46.44","46.75","7087573","-1.48","-3.05","47.4325",
"BAYN.DE","2008-03-05","47","47.84","46.85","47.63","6713678","0.62983","1.34","47.33",
"BAYN.DE","2008-03-04","47.06","47.48","46.28","46.54","17664928","-0.52158","-1.1","46.84",
"BAYN.DE","2008-03-03","49.21","49.62","48.87","49.4","5478112","0.19682","0.3861","49.275",
"BAYN.DE","2008-02-29","50.74","51.74","49.71","50.04","8719948","-0.69872","-1.38","50.5575",
"BAYN.DE","2008-02-28","51.95","52.59","50.6","50.73","11842818","-1.22","-2.35","51.4675",
"BAYN.DE","2008-02-27","53.56","53.68","52.08","53.22","5055279","-0.34443","-0.6348","53.135",
"BAYN.DE","2008-02-26","52.35","53.98","52.21","53.18","4854215","0.82665","1.59","52.93",
"BAYN.DE","2008-02-25","52.18","53.03","51.72","52.33","4842926","0.15746","0.28747","52.315",
"BAYN.DE","2008-02-22","53.07","53.29","51.33","51.67","6619255","-1.41","-2.64","52.34",
"BAYN.DE","2008-02-21","53.04","53.93","52.69","53.07","5850914","0.029522","0.05656109","53.1825",
"BAYN.DE","2008-02-20","53.23","53.63","52.35","52.52","7748475","-0.70856","-1.33","52.9325",
"BAYN.DE","2008-02-19","53.36","54.91","52.93","54.03","5839930","0.66919","1.26","53.8075",
"BAYN.DE","2008-02-18","55.39","55.56","52.57","53.54","12443169","-1.85","-3.34","54.265",
"BAYN.DE","2008-02-15","56.51","57.32","54.47","54.78","7791780","-1.73","-3.06","55.77",
"BAYN.DE","2008-02-14","57.54","58.52","56.61","56.89","5253945","-0.64951","-1.13","57.39",
"BAYN.DE","2008-02-13","56.23","56.98","55.45","56.71","4349811","0.48221","0.85364","56.3425",
"BAYN.DE","2008-02-12","54.66","57.02","54.53","56.55","7056778","1.89","3.46","55.69",
"BAYN.DE","2008-02-11","53.5","54.63","53.25","54.13","5119715","0.62983","1.18","53.8775",
"BAYN.DE","2008-02-08","53.73","54.79","53.14","53.77","3843714","0.039365","0.07444631","53.8575",
"BAYN.DE","2008-02-07","54.57","54.8","52.7","53.48","5938532","-1.09","-2","53.8875",
"BAYN.DE","2008-02-06","52.11","54.89","51.96","54.62","6631106","2.51","4.82","53.395",
"BAYN.DE","2008-02-05","54.57","55.31","52.18","52.63","7057696","-1.94","-3.56","53.6725",
"BAYN.DE","2008-02-04","55.01","55.64","54.37","55.08","5937271","0.068887","0.12725","55.025",
"BAYN.DE","2008-02-01","54.27","54.94","53.43","54.07","6496489","-0.20667","-0.36853","54.1775",
"BAYN.DE","2008-01-31","51.91","54.18","51.25","53.96","9437455","2.05","3.95","52.825",
"BAYN.DE","2008-01-30","52.43","52.45","51.42","52.1","4466270","-0.3346","-0.62941","52.1",
"BAYN.DE","2008-01-29","52.75","53.93","51.96","52.72","6837626","-0.029521","-0.05687204","52.84",
"BAYN.DE","2008-01-28","51.51","52.95","51.12","52.65","6509064","1.14","2.21","52.0575",
"BAYN.DE","2008-01-25","54.94","54.96","52.26","52.68","9320928","-2.26","-4.11","53.71",
"BAYN.DE","2008-01-24","53.14","54.47","52.19","53.94","12111246","0.79713","1.51","53.435",
"BAYN.DE","2008-01-23","54.96","55.52","50.39","51.04","14646588","-3.93","-7.13","52.9775",
"BAYN.DE","2008-01-22","51.67","55.82","51","54.1","16349077","2.43","4.7","53.1475",
"BAYN.DE","2008-01-21","58.21","58.78","52.81","54.47","16337497","-3.74","-6.43","56.0675",
"BAYN.DE","2008-01-18","58.99","60.72","58.35","59.05","9859351","0.059047","0.10171","59.2775",
"BAYN.DE","2008-01-17","60.22","60.35","58.55","58.99","8901363","-1.23","-2.04","59.5275",
"BAYN.DE","2008-01-16","61.56","62.86","59.54","59.76","10462214","-1.79","-2.92","60.93",
"BAYN.DE","2008-01-15","62.49","63.03","61.02","61.79","7776250","-0.69871","-1.12","62.0825",
"BAYN.DE","2008-01-14","63.51","64.37","62.49","62.69","4747524","-0.82665","-1.29","63.265",
"BAYN.DE","2008-01-11","63.07","63.92","62.16","63.19","5361909","0.1181","0.19026","63.085",
"BAYN.DE","2008-01-10","64.95","65.39","62.8","63.11","7378703","-1.84","-2.83","64.0625",
"BAYN.DE","2008-01-09","63.97","65.22","63.76","64.64","6791872","0.66919","1.05","64.3975",
"BAYN.DE","2008-01-08","63.06","64.95","62.88","64.05","8425602","0.98411","1.57","63.735",
"BAYN.DE","2008-01-07","61.28","63.22","61.28","62.49","7140857","1.21","1.97","62.0675",
"BAYN.DE","2008-01-04","60.8","62.21","60.8","61.44","6294868","0.63967","1.05","61.3125",
"BAYN.DE","2008-01-03","60.61","61.04","59.91","60.73","4328600","0.11809","0.19799","60.5725",
"BAYN.DE","2008-01-02","61","61.77","60.28","60.47","3605709","-0.53142","-0.86885","60.88",
"BAYN.DE","2007-12-28","60.24","61.74","60.14","61.54","1429754","1.3","2.16","60.915",
"BAYN.DE","2007-12-27","61.6","61.7","60.72","60.76","2793249","-0.83649","-1.36","61.195",
"BAYN.DE","2007-12-21","60.09","61.36","60.07","61.09","12046808","1","1.66","60.6525",
"BAYN.DE","2007-12-20","59.48","60.12","59.07","59.98","4856458","0.5019","0.84062","59.6625",
"BAYN.DE","2007-12-19","58.16","59.62","57.57","59.15","5280453","0.99395","1.7","58.625",
"BAYN.DE","2007-12-18","57.37","58.62","57.31","58.09","4416458","0.7184","1.26","57.8475",
"BAYN.DE","2007-12-17","58.09","58.31","57.5","57.5","5058890","-0.59046","-1.02","57.85",
"BAYN.DE","2007-12-14","59.05","59.42","57.71","58.54","5897686","-0.50189","-0.86367","58.68",
"BAYN.DE","2007-12-13","59.14","59.56","58.25","58.79","5591492","-0.35428","-0.59182","58.935",
"BAYN.DE","2007-12-12","57.94","60.52","57.63","59.48","9868287","1.54","2.66","58.8925",
"BAYN.DE","2007-12-11","58.14","58.31","57.7","57.91","4611140","-0.22635","-0.3956","58.015",
"BAYN.DE","2007-12-10","58.26","58.31","57.34","57.82","4079344","-0.44285","-0.75524","57.9325",
"BAYN.DE","2007-12-07","57.57","58.34","57.1","57.44","4477232","-0.12794","-0.22581","57.6125",
"BAYN.DE","2007-12-06","57.28","58.5","57.12","57.27","6138315","-0.009843","-0.0174581","57.5425",
"BAYN.DE","2007-12-05","55.85","57.07","55.8","56.89","5507385","1.04","1.86","56.4025",
"BAYN.DE","2007-12-04","55.59","57.24","55.13","55.72","7389292","0.12793","0.23386","55.92",
"BAYN.DE","2007-12-03","55.4","56.13","54.77","54.82","3906784","-0.57078","-1.05","55.28",
"BAYN.DE","2007-11-30","55.29","56.26","55.19","55.44","4589149","0.15746","0.2713","55.545",
"BAYN.DE","2007-11-29","54.86","55.59","54.86","55.35","4591422","0.48221","0.89318","55.165",
"BAYN.DE","2007-11-28","55.13","55.48","54.47","54.87","6733662","-0.25587","-0.47161","54.9875",
"BAYN.DE","2007-11-27","54.75","55.24","54.13","54.98","4404792","0.23618","0.42009","54.775",
"BAYN.DE","2007-11-26","56.29","56.52","54.86","54.99","4564810","-1.3","-2.31","55.665",
"BAYN.DE","2007-11-23","56.7","56.97","55.52","55.85","4160456","-0.85617","-1.5","56.26",
"BAYN.DE","2007-11-22","54.54","56.98","54.26","56.47","7071651","1.93","3.54","55.5625",
"BAYN.DE","2007-11-21","53.92","54.62","52.9","54.39","6533274","0.47237","0.87166","53.9575",
"BAYN.DE","2007-11-20","52.74","54.34","52.07","54.27","6314758","1.54","2.9","53.355",
"BAYN.DE","2007-11-19","53.23","53.55","52.22","52.37","6014677","-0.85617","-1.62","52.8425",
"BAYN.DE","2007-11-16","53","53.84","52.66","53.19","6961089","0.18698","0.35849","53.1725",
"BAYN.DE","2007-11-15","54.86","55","53.42","53.61","4376584","-1.25","-2.28","54.2225",
"BAYN.DE","2007-11-14","54.57","54.87","53.97","54.42","3879101","-0.14762","-0.27488","54.4575",
"BAYN.DE","2007-11-13","53.54","54.03","52.85","53.9","4506172","0.36412","0.67239","53.58",
"BAYN.DE","2007-11-12","54.18","54.47","53.17","53.88","5259539","-0.29523","-0.55371","53.925",
"BAYN.DE","2007-11-09","54.8","54.97","54.17","54.68","6030548","-0.11809","-0.21898","54.655",
"BAYN.DE","2007-11-08","54.96","55.48","54.52","54.86","6173025","-0.098409","-0.18195","54.955",
"BAYN.DE","2007-11-07","56.14","56.54","55.05","55.93","5409386","-0.2165","-0.37406","55.915",
"BAYN.DE","2007-11-06","56.93","57.04","55.36","55.72","5822410","-1.21","-2.13","56.2625",
"BAYN.DE","2007-11-05","55.75","56.9","55.29","56.1","5134128","0.35427","0.6278","56.01",
"BAYN.DE","2007-11-02","54.45","55.79","54.32","55.75","6675124","1.3","2.39","55.0775",
"BAYN.DE","2007-11-01","57.08","57.18","54.74","54.87","6144443","-2.2","-3.87","55.9675",
"BAYN.DE","2007-10-31","56.29","56.66","55.47","56.63","3923914","0.3346","0.60401","56.2625",
"BAYN.DE","2007-10-30","57.02","57.02","55.96","56.2","3929959","-0.81681","-1.44","56.55",
"BAYN.DE","2007-10-29","56.94","57.18","56.4","56.87","5822628","-0.068887","-0.12294","56.8475",
"BAYN.DE","2007-10-26","57.63","58.04","57.08","57.35","4362188","-0.27555","-0.48586","57.525",
"BAYN.DE","2007-10-25","57.83","58.32","57.21","57.63","5486756","-0.19682","-0.34584","57.7475",
"BAYN.DE","2007-10-24","58.01","58.05","57.52","57.68","3458281","-0.3346","-0.56887","57.815",
"BAYN.DE","2007-10-23","57.59","58.44","57.14","58.12","5013053","0.53142","0.9203","57.8225",
"BAYN.DE","2007-10-22","58.31","58.55","57.22","57.24","6718438","-1.07","-1.84","57.83",
"BAYN.DE","2007-10-19","58.66","59.43","58.28","59.27","7654128","0.61015","1.04","58.91",
"BAYN.DE","2007-10-18","58.06","59.29","58.06","58.92","7565166","0.85617","1.48","58.5825",
"BAYN.DE","2007-10-17","57.62","57.91","56.98","57.9","4272888","0.28539","0.48594","57.6025",
"BAYN.DE","2007-10-16","56.93","57.74","56.76","57.62","5058479","0.68888","1.21","57.2625",
"BAYN.DE","2007-10-15","56.48","58.04","56.46","56.89","6271872","0.41333","0.72592","56.9675",
"BAYN.DE","2007-10-12","55.58","56.76","55.29","56.74","5442583","1.16","2.09","56.0925",
"BAYN.DE","2007-10-11","54.86","56.04","54.53","55.82","6776749","0.95459","1.75","55.3125",
"BAYN.DE","2007-10-10","55.1","55.19","54.37","54.59","4612200","-0.51174","-0.92559","54.8125",
"BAYN.DE","2007-10-09","54.74","55.05","54.34","54.57","3837883","-0.1673","-0.31056","54.675",
"BAYN.DE","2007-10-08","54.32","54.87","54.3","54.74","3385638","0.41332","0.7732","54.5575",
"BAYN.DE","2007-10-05","54.32","54.72","54.05","54.32","3081303","0","0","54.3525",
"BAYN.DE","2007-10-04","54.62","54.62","53.93","54.4","3913634","-0.2165","-0.40278","54.3925",
"BAYN.DE","2007-10-03","54.83","55.2","54.4","54.67","2646364","-0.1673","-0.29181","54.775",
"BAYN.DE","2007-10-02","55.51","55.68","54.58","54.88","5195756","-0.62983","-1.13","55.1625",
"BAYN.DE","2007-10-01","54.99","55.85","54.78","55.59","3566253","0.60031","1.09","55.3025",
"BAYN.DE","2007-09-28","55.11","55.42","54.03","54.93","4818350","-0.17714","-0.32662","54.8725",
"BAYN.DE","2007-09-27","55.7","56.04","55.02","55.23","4195139","-0.47237","-0.84381","55.4975",
"BAYN.DE","2007-09-26","55.26","55.73","55.24","55.35","3921023","0.08857","0.16287","55.395",
"BAYN.DE","2007-09-25","55.22","55.54","54.96","55.15","4969916","-0.068888","-0.12677","55.2175",
"BAYN.DE","2007-09-24","55.1","55.85","54.98","55.65","8807636","0.5511","0.99819","55.395",
"BAYN.DE","2007-09-21","56.7","57.18","54.62","54.62","22371054","-2.09","-3.67","55.78",
"BAYN.DE","2007-09-20","57.6","58.45","56.8","57.03","4358742","-0.57078","-0.98958","57.47",
"BAYN.DE","2007-09-19","57.42","57.77","56.96","57.6","5781782","0.17714","0.31348","57.4375",
"BAYN.DE","2007-09-18","55.56","56.83","55.14","56.63","4300342","1.06","1.93","56.04",
"BAYN.DE","2007-09-17","55.01","56.54","54.85","55.67","4062369","0.65935","1.2","55.5175",
"BAYN.DE","2007-09-14","55.3","55.68","54.81","55.22","3594274","-0.078726","-0.14467","55.2525",
"BAYN.DE","2007-09-13","54.3","55.04","53.83","54.9","4138931","0.60031","1.1","54.5175",
"BAYN.DE","2007-09-12","54.25","54.76","53.71","54.49","3482683","0.23618","0.4424","54.3025",
"BAYN.DE","2007-09-11","53.66","54.81","53.66","54.25","3159602","0.59047","1.1","54.095",
"BAYN.DE","2007-09-10","54.37","54.72","53.67","53.8","3795061","-0.57078","-1.05","54.14",
"BAYN.DE","2007-09-07","55.57","56.26","53.83","54.04","4632586","-1.54","-2.75","54.925",
"BAYN.DE","2007-09-06","56.39","56.45","55.01","55.84","4466999","-0.5511","-0.97535","55.9225",
"BAYN.DE","2007-09-05","57.11","57.44","56.17","56.17","3662287","-0.9349","-1.65","56.7225",
"BAYN.DE","2007-09-04","56.78","57.77","56.2","57.63","3659909","0.84633","1.5","57.095",
"BAYN.DE","2007-09-03","57.52","57.59","56.71","56.95","1954867","-0.57078","-0.99096","57.1925",
"BAYN.DE","2007-08-31","56.38","57.08","55.87","57","4234292","0.61998","1.1","56.5825",
"BAYN.DE","2007-08-30","55.21","55.95","54.89","55.91","2946647","0.69872","1.27","55.49",
"BAYN.DE","2007-08-29","54.62","55.59","54.28","54.92","3443528","0.30507","0.54925","54.8525",
"BAYN.DE","2007-08-28","55.21","55.55","54.87","55.22","2726159","0.009844","0.01811266","55.2125",
"BAYN.DE","2007-08-27","56.34","56.47","55.26","55.38","2002026","-0.96442","-1.7","55.8625",
"BAYN.DE","2007-08-24","55.36","56.11","55.11","55.91","2858647","0.5511","0.9935","55.6225",
"BAYN.DE","2007-08-23","56.61","56.77","55.46","55.46","3666924","-1.14","-2.03","56.075",
"BAYN.DE","2007-08-22","55.6","56.59","55.49","55.98","5484468","0.37396","0.68345","55.915",
"BAYN.DE","2007-08-21","54.03","57.08","53.78","55.87","11212412","1.84","3.41","55.19",
"BAYN.DE","2007-08-20","53.63","54.03","53.07","53.81","4438945","0.17714","0.33563","53.635",
"BAYN.DE","2007-08-17","52.61","54.55","51.46","53.15","13633343","0.54126","1.03","52.9425",
"BAYN.DE","2007-08-16","53.19","53.77","51.69","52.85","14125883","-0.34443","-0.63922","52.875",
"BAYN.DE","2007-08-15","50.89","55.19","50.83","54.25","14024181","3.37","6.61","52.79",
"BAYN.DE","2007-08-14","51.62","52.22","51.25","51.43","4528369","-0.18698","-0.36807","51.63",
"BAYN.DE","2007-08-13","52.05","52.33","51.47","52.28","5375849","0.22634","0.44188","52.0325",
"BAYN.DE","2007-08-10","51.02","52.26","50.98","51.34","10835027","0.32475","0.62721","51.4",
"BAYN.DE","2007-08-09","53.03","53.26","51.69","51.79","8295465","-1.24","-2.34","52.4425",
"BAYN.DE","2007-08-08","51.32","53.61","51.1","53.36","9950308","2.04","3.98","52.3475",
"BAYN.DE","2007-08-07","52.31","52.55","50.02","50.44","7836946","-1.87","-3.57","51.33",
"BAYN.DE","2007-08-06","50.89","51.65","50.48","51.4","5116514","0.51174","1","51.105",
"BAYN.DE","2007-08-03","51.8","51.8","50.69","50.9","4359380","-0.90538","-1.74","51.2975",
"BAYN.DE","2007-08-02","51.57","52","51.11","51.68","4481728","0.10825","0.2133","51.59",
"BAYN.DE","2007-08-01","50.29","51.55","50.15","50.83","5763662","0.54126","1.07","50.705",
"BAYN.DE","2007-07-31","51.43","51.7","51.01","51.44","6708204","0.009843","0.0194439","51.395",
"BAYN.DE","2007-07-30","49.53","51.3","49.27","50.68","8151134","1.15","2.32","50.195",
"BAYN.DE","2007-07-27","49.66","50.51","48.71","49.53","12395877","-0.12793","-0.26178","49.6025",
"BAYN.DE","2007-07-26","52.26","52.26","50.48","50.5","9806417","-1.75","-3.37","51.375",
"BAYN.DE","2007-07-25","52.65","53.35","51.96","52.1","7390752","-0.5511","-1.04","52.515",
"BAYN.DE","2007-07-24","53.8","54.01","53.01","53.02","4889860","-0.77744","-1.45","53.46",
"BAYN.DE","2007-07-23","54.06","54.42","53.56","54.32","4421631","0.26571","0.48095","54.09",
"BAYN.DE","2007-07-20","55.26","55.64","53.99","54.13","5755466","-1.13","-2.04","54.755",
"BAYN.DE","2007-07-19","55.2","55.39","54.89","55.32","4096080","0.11809","0.21739","55.2",
"BAYN.DE","2007-07-18","55.16","55.37","54.75","54.75","5233803","-0.41332","-0.74329","55.0075",
"BAYN.DE","2007-07-17","55.98","56.18","55.48","55.97","5308569","-0.009843","-0.01786352","55.9025",
"BAYN.DE","2007-07-16","55.72","56.28","55.51","56.24","4747930","0.52158","0.93324","55.9375",
"BAYN.DE","2007-07-13","55.7","55.9","54.81","55.49","5462593","-0.20666","-0.37702","55.475",
"BAYN.DE","2007-07-12","54.74","55.28","54.04","55.12","5629895","0.3838","0.69419","54.795",
"BAYN.DE","2007-07-11","53.41","54.66","53.41","54.47","6524444","1.06","1.98","53.9875",
"BAYN.DE","2007-07-10","55.01","55.26","52.94","53.7","7055883","-1.31","-2.38","54.2275",
"BAYN.DE","2007-07-09","56.39","56.54","54.89","55.03","5193597","-1.36","-2.41","55.7125",
"BAYN.DE","2007-07-06","55.5","55.84","54.77","55.77","4237667","0.26571","0.48649","55.47",
"BAYN.DE","2007-07-05","56.54","56.97","55.39","55.6","5405921","-0.9349","-1.66","56.125",
"BAYN.DE","2007-07-04","55.7","56.35","55.53","56.3","3741962","0.60031","1.08","55.97",
"BAYN.DE","2007-07-03","55.68","55.76","55.28","55.51","4181558","-0.1673","-0.30532","55.5575",
"BAYN.DE","2007-07-02","54.96","55.4","54.82","55.06","4196183","0.098414","0.18195","55.06",
"BAYN.DE","2007-06-29","55.51","55.52","54.75","55.21","5132794","-0.30507","-0.54044","55.2475",
"BAYN.DE","2007-06-28","55.06","55.41","54.8","55.17","5299269","0.10825","0.19978","55.11",
"BAYN.DE","2007-06-27","53.93","54.86","53.66","54.35","5611744","0.42317","0.77879","54.2",
"BAYN.DE","2007-06-26","54.91","55.21","54.08","54.32","5794551","-0.59046","-1.07","54.63",
"BAYN.DE","2007-06-25","55.2","55.9","54.62","55.32","4414524","0.11809","0.21739","55.26",
"BAYN.DE","2007-06-22","55.22","56.02","54.91","55.51","5722641","0.29523","0.52517","55.415",
"BAYN.DE","2007-06-21","55.5","55.74","54.41","55.12","7341926","-0.38381","-0.68468","55.1925",
"BAYN.DE","2007-06-20","56.39","56.49","55.6","55.69","6772827","-0.69871","-1.24","56.0425",
"BAYN.DE","2007-06-19","55.97","56.24","55.26","55.78","9039925","-0.18698","-0.33947","55.8125",
"BAYN.DE","2007-06-18","55.56","56.64","54.99","55.16","7170864","-0.40348","-0.71994","55.5875",
"BAYN.DE","2007-06-15","54.81","55.96","54.6","55.61","23464193","0.79712","1.46","55.245",
"BAYN.DE","2007-06-14","54.22","55.25","54.18","54.69","9606456","0.46253","0.86684","54.585",
"BAYN.DE","2007-06-13","52.44","53.72","52.33","53.46","7982908","1.01","1.95","52.9875",
"BAYN.DE","2007-06-12","52.07","53.02","51.86","52.6","6235749","0.53142","1.02","52.3875",
"BAYN.DE","2007-06-11","51.82","52.32","51.48","52.32","5523935","0.50189","0.96488","51.985",
"BAYN.DE","2007-06-08","51.19","51.83","50.24","51.08","8560508","-0.10825","-0.21489","51.085",
"BAYN.DE","2007-06-07","52.75","52.98","50.68","51.03","8042888","-1.72","-3.26","51.86",
"BAYN.DE","2007-06-06","54.03","54.35","52.07","52.26","7993526","-1.77","-3.28","53.1775",
"BAYN.DE","2007-06-05","53.63","54.67","53.42","53.78","6891503","0.14762","0.27969","53.875",
"BAYN.DE","2007-06-04","53.73","53.88","53.03","53.61","3758612","-0.11809","-0.22334","53.5625",
"BAYN.DE","2007-06-01","52.99","53.75","52.85","53.47","5474023","0.47237","0.90583","53.265",
"BAYN.DE","2007-05-31","51.76","52.88","51.47","52.64","5232958","0.87586","1.7","52.1875",
"BAYN.DE","2007-05-30","51.31","51.65","50.83","51.56","4081820","0.24603","0.48723","51.3375",
"BAYN.DE","2007-05-29","51.96","51.96","51.2","51.63","3073176","-0.3346","-0.6351","51.6875",
"BAYN.DE","2007-05-25","51.12","52.01","51.04","51.62","3652854","0.49205","0.97809","51.4475",
"BAYN.DE","2007-05-24","51.39","51.98","50.96","51.7","6043055","0.30507","0.60323","51.5075",
"BAYN.DE","2007-05-23","52.74","52.74","51.59","51.65","6707688","-1.09","-2.07","52.18",
"BAYN.DE","2007-05-22","52.23","53.3","52.16","52.5","9427211","0.27555","0.51694","52.5475",
"BAYN.DE","2007-05-21","50.98","53.22","50.88","52.37","12957091","1.4","2.73","51.8625",
"BAYN.DE","2007-05-18","48.77","50.82","48.77","50.39","11142448","1.61","3.32","49.6875",
"BAYN.DE","2007-05-17","49.05","49.14","48.49","48.7","2611611","-0.34444","-0.71356","48.845",
"BAYN.DE","2007-05-16","49.11","49.25","48.71","48.78","4289999","-0.32476","-0.67196","48.9625",
"BAYN.DE","2007-05-15","48.61","49.56","48.33","49.34","5442937","0.72824","1.5","48.96",
"BAYN.DE","2007-05-14","49.45","49.55","48.68","48.73","3165173","-0.7184","-1.46","49.1025",
"BAYN.DE","2007-05-11","48.81","49.48","47.99","49.23","6727302","0.42317","0.86048","48.8775",
"BAYN.DE","2007-05-10","49.8","50.09","48.9","49.25","4599095","-0.54126","-1.1","49.51",
"BAYN.DE","2007-05-09","49.79","50.27","49.65","49.8","4023903","0.009839","0.02008435","49.8775",
"BAYN.DE","2007-05-08","50.39","50.49","49.61","49.62","5073595","-0.76761","-1.53","50.0275",
"BAYN.DE","2007-05-07","50.89","51.08","50.45","50.72","2447679","-0.1673","-0.33405","50.785",
"BAYN.DE","2007-05-04","50.93","51.02","50.46","50.83","4130112","-0.098408","-0.19635","50.81",
"BAYN.DE","2007-05-03","50.19","51.04","49.89","51","6966753","0.80697","1.61","50.53",
"BAYN.DE","2007-05-02","49.86","49.94","49.4","49.91","4535042","0.049208","0.10028","49.7775",
"BAYN.DE","2007-04-30","49.11","49.8","48.99","49.61","4341373","0.50189","1.02","49.3775",
"BAYN.DE","2007-04-27","50.05","50.4","49.52","50.1","6773608","0.049204","0.0999001","50.0175",
"BAYN.DE","2007-04-26","51.34","51.91","50.34","50.56","8550520","-0.77744","-1.52","51.0375",
"BAYN.DE","2007-04-25","48.9","50.55","48.9","49.98","6688512","1.08","2.21","49.5825",
"BAYN.DE","2007-04-24","48.7","49.49","48.51","48.79","7853806","0.08857","0.1848","48.8725",
"BAYN.DE","2007-04-23","48.95","48.96","48.05","48.32","3093674","-0.62983","-1.29","48.57",
"BAYN.DE","2007-04-20","48.56","49.01","48.23","48.76","7971500","0.20666","0.41186","48.64",
"BAYN.DE","2007-04-19","47.63","48.61","47.37","48.23","6179318","0.6003","1.26","47.96",
"BAYN.DE","2007-04-18","48.81","48.89","47.84","48.26","6769422","-0.5511","-1.13","48.45",
"BAYN.DE","2007-04-17","48.53","49.34","48.27","49.09","4241880","0.56094","1.15","48.8075",
"BAYN.DE","2007-04-16","48.6","48.93","48.37","48.9","3923714","0.30507","0.61728","48.7",
"BAYN.DE","2007-04-13","47.7","48.59","47.58","48.46","4505094","0.75776","1.59","48.0825",
"BAYN.DE","2007-04-12","48.02","48.11","47.1","47.37","6281845","-0.64951","-1.35","47.65",
"BAYN.DE","2007-04-11","48.71","49.23","47.99","48.12","4876078","-0.59046","-1.21","48.5125",
"BAYN.DE","2007-04-10","48.47","49.33","48.05","48.89","5918319","0.42317","0.86652","48.685",
"BAYN.DE","2007-04-05","47.63","48.37","47.55","48.37","3895762","0.73808","1.55","47.98",
"BAYN.DE","2007-04-04","47.59","47.78","47.25","47.78","3261849","0.18698","0.39924","47.6",
"BAYN.DE","2007-04-03","46.65","47.45","46.15","47.36","5532979","0.70855","1.52","46.9025",
"BAYN.DE","2007-04-02","47.24","47.41","46.64","46.82","4346681","-0.41332","-0.88908","47.0275",
"BAYN.DE","2007-03-30","46.98","47.46","46.56","47.08","5511547","0.098409","0.21286","47.02",
"BAYN.DE","2007-03-29","46.11","47.14","45.98","46.93","5699550","0.82665","1.78","46.54",
"BAYN.DE","2007-03-28","45.26","46.29","45.19","45.98","7482033","0.7184","1.59","45.68",
"BAYN.DE","2007-03-27","45.47","45.54","44.96","45.28","3291041","-0.18698","-0.41786","45.3125",
"BAYN.DE","2007-03-26","45.76","45.76","44.77","45.07","4432229","-0.68888","-1.51","45.34",
"BAYN.DE","2007-03-23","45","45.7","44.75","45.59","6312721","0.59047","1.31","45.26",
"BAYN.DE","2007-03-22","44.72","45.11","44.46","45","6211098","0.28539","0.62612","44.8225",
"BAYN.DE","2007-03-21","44.33","44.58","43.99","44.07","4455172","-0.26571","-0.58651","44.2425",
"BAYN.DE","2007-03-20","44.17","44.38","43.8","44.34","6647849","0.17714","0.38488","44.1725",
"BAYN.DE","2007-03-19","44.28","44.28","43.41","43.92","5371069","-0.36412","-0.81301","43.9725",
"BAYN.DE","2007-03-16","43.73","44.18","43.14","43.82","17066788","0.08857","0.20581","43.7175",
"BAYN.DE","2007-03-15","42.96","43.79","42.51","43.43","7841676","0.47237","1.09","43.1725",
"BAYN.DE","2007-03-14","42.48","43","42.04","42.06","7094557","-0.42316","-0.9887","42.395",
"BAYN.DE","2007-03-13","44.15","44.38","43.22","43.34","6295103","-0.80697","-1.83","43.7725",
"BAYN.DE","2007-03-12","43.5","44.4","43.4","44.15","8025586","0.64951","1.49","43.8625",
"BAYN.DE","2007-03-09","43.19","43.58","42.49","43.07","5369814","-0.11809","-0.27784","43.0825",
"BAYN.DE","2007-03-08","43.18","43.2","42.72","43.19","9005946","0.009839","0.02315887","43.0725",
"BAYN.DE","2007-03-07","41.83","41.97","41.44","41.63","4427751","-0.20666","-0.47813","41.7175",
"BAYN.DE","2007-03-06","41.23","42.03","40.9","41.89","5488723","0.65935","1.6","41.5125",
"BAYN.DE","2007-03-05","40.59","41.41","40.38","41.11","5666386","0.51174","1.28","40.8725",
"BAYN.DE","2007-03-02","41.72","42.02","41.09","41.6","5451591","-0.11809","-0.28763","41.6075",
"BAYN.DE","2007-03-01","42.61","43.2","41.1","41.55","9880660","-1.06","-2.49","42.115",
"BAYN.DE","2007-02-28","42.81","43.76","41.96","42.78","9031708","-0.029522","-0.07007708","42.8275",
"BAYN.DE","2007-02-27","43.98","44.27","43.27","43.51","5985549","-0.47237","-1.07","43.7575",
"BAYN.DE","2007-02-26","43.78","44.55","43.57","44.35","4196752","0.57078","1.3","44.0625",
"BAYN.DE","2007-02-23","43.8","44.07","43.7","43.9","3528081","0.098413","0.22831","43.8675",
"BAYN.DE","2007-02-22","44.05","44.22","43.69","43.8","3561111","-0.24603","-0.56754","43.94",
"BAYN.DE","2007-02-21","44.13","44.38","43.6","43.69","3644551","-0.43301","-0.99705","43.95",
"BAYN.DE","2007-02-20","43.65","43.91","43.19","43.91","3551337","0.25587","0.59565","43.665",
"BAYN.DE","2007-02-19","43.97","43.99","43.52","43.78","3061417","-0.18698","-0.43211","43.815",
"BAYN.DE","2007-02-16","44.3","44.41","43.7","43.76","4628526","-0.54126","-1.22","44.0425",
"BAYN.DE","2007-02-15","44.64","44.66","44.2","44.39","2712774","-0.24603","-0.56004","44.4725",
"BAYN.DE","2007-02-14","44.92","45.02","44.57","44.84","2837526","-0.088571","-0.17809","44.8375",
"BAYN.DE","2007-02-13","44.33","44.85","44.23","44.78","4673865","0.44285","1.02","44.5475",
"BAYN.DE","2007-02-12","44.04","44.27","43.5","44.21","3712530","0.1673","0.38601","44.005",
"BAYN.DE","2007-02-09","43.98","44.11","43.67","43.88","3252289","-0.09841","-0.22738","43.91",
"BAYN.DE","2007-02-08","44.38","44.47","43.51","43.68","3652693","-0.69871","-1.58","44.01",
"BAYN.DE","2007-02-07","44.28","44.52","43.91","44.27","3641517","-0.009839","-0.02258356","44.245",
"BAYN.DE","2007-02-06","44.43","44.62","44.06","44.35","3560364","-0.078731","-0.18006","44.365",
"BAYN.DE","2007-02-05","44.39","44.48","44.01","44.31","3127628","-0.078731","-0.18022","44.2975",
"BAYN.DE","2007-02-02","44.78","44.97","43.99","44.65","5398284","-0.12794","-0.29031","44.5975",
"BAYN.DE","2007-02-01","44.63","44.99","44.22","44.68","5773095","0.04921","0.11203","44.63",
"BAYN.DE","2007-01-31","43.5","44.66","43.45","44.48","10536018","0.98411","2.25","44.0225",
"BAYN.DE","2007-01-30","42.51","42.93","42.13","42.83","3280746","0.31491","0.75276","42.6",
"BAYN.DE","2007-01-29","42.55","42.78","42.46","42.73","3139299","0.17713","0.42303","42.63",
"BAYN.DE","2007-01-26","42.29","42.74","41.87","42.39","5106930","0.098409","0.23646","42.3225",
"BAYN.DE","2007-01-25","43.5","43.68","42.38","42.5","5630684","-0.99395","-2.3","43.015",
"BAYN.DE","2007-01-24","43.2","43.84","42.51","43.52","5819800","0.31491","0.74074","43.2675",
"BAYN.DE","2007-01-23","43.05","43.28","42.31","43.06","5982079","0.009839","0.0232288","42.925",
"BAYN.DE","2007-01-22","43.19","43.31","42.48","42.63","4347395","-0.56094","-1.3","42.9025",
"BAYN.DE","2007-01-19","42.91","43.35","42.53","43.19","5617251","0.28539","0.65253","42.995",
"BAYN.DE","2007-01-18","43.07","43.58","42.82","42.99","6139917","-0.088569","-0.18574","43.115",
"BAYN.DE","2007-01-17","42.9","43.62","42.64","42.86","6655505","-0.039365","-0.09324009","43.005",
"BAYN.DE","2007-01-16","42.26","42.5","41.95","42.18","2814890","-0.078727","-0.1893","42.2225",
"BAYN.DE","2007-01-15","42.7","42.95","42.3","42.33","3439515","-0.37396","-0.86651","42.57",
"BAYN.DE","2007-01-12","41.33","42.86","41.23","42.51","8157124","1.18","2.86","41.9825",
"BAYN.DE","2007-01-11","40.31","41.33","40.2","41.29","6764566","0.98411","2.43","40.7825",
"BAYN.DE","2007-01-10","39.36","40.5","39.17","40.21","7550661","0.84633","2.16","39.81",
"BAYN.DE","2007-01-09","39.83","40.14","39.53","39.56","6570475","-0.26571","-0.67788","39.765",
"BAYN.DE","2007-01-08","40.41","40.41","39.34","39.61","6881338","-0.79713","-1.98","39.9425",
"BAYN.DE","2007-01-05","40.54","40.77","40.12","40.12","6299557","-0.41332","-1.04","40.3875",
"BAYN.DE","2007-01-04","40.62","40.74","40.36","40.61","3856108","-0.00984","-0.02461841","40.5825",
"BAYN.DE","2007-01-03","40.7","40.9","40.53","40.78","4504895","0.078726","0.19656","40.7275",
"BAYN.DE","2007-01-02","40.3","40.65","40.03","40.59","2898751","0.29523","0.7196","40.3925",
"BAYN.DE","2006-12-29","40.24","40.25","39.72","40.01","1390917","-0.22634","-0.57157","40.055",
"BAYN.DE","2006-12-28","40.3","40.33","39.96","40.19","1552316","-0.10825","-0.27295","40.195",
"BAYN.DE","2006-12-27","39.79","40.27","39.64","40.27","2456464","0.48221","1.21","39.9925",
"BAYN.DE","2006-12-22","40.1","40.26","39.36","39.63","2301498","-0.47237","-1.17","39.8375",
"BAYN.DE","2006-12-21","40.11","40.3","39.94","40.13","3379300","0.019683","0.04986288","40.12",
"BAYN.DE","2006-12-20","39.94","40.22","39.73","40.06","3631871","0.11809","0.30045","39.9875",
"BAYN.DE","2006-12-19","40.07","40.15","39.5","39.59","3832437","-0.48221","-1.2","39.8275",
"BAYN.DE","2006-12-18","39.91","40.29","39.78","40.15","4124924","0.24603","0.60135","40.0325",
"BAYN.DE","2006-12-15","39.94","40.05","39.58","39.78","12216939","-0.15746","-0.4006","39.8375",
"BAYN.DE","2006-12-14","39.95","40.23","39.71","39.86","4938718","-0.098408","-0.22528","39.9375",
"BAYN.DE","2006-12-13","39.18","39.96","39.18","39.95","6623350","0.77744","1.97","39.5675",
"BAYN.DE","2006-12-12","39.05","39.42","38.9","39.35","3707343","0.30508","0.76825","39.18",
"BAYN.DE","2006-12-11","39.23","39.27","38.9","38.94","4196425","-0.28539","-0.73923","39.085",
"BAYN.DE","2006-12-08","38.74","39.3","38.67","39.08","5110271","0.3346","0.87765","38.9475",
"BAYN.DE","2006-12-07","38.7","38.94","38.49","38.78","4045015","0.08857","0.20672","38.7275",
"BAYN.DE","2006-12-06","38.91","39.11","38.54","38.71","4504744","-0.19682","-0.51401","38.8175",
"BAYN.DE","2006-12-05","38.72","39.08","38.46","39.05","5378079","0.32476","0.85227","38.8275",
"BAYN.DE","2006-12-04","38.15","38.69","37.99","38.64","8270933","0.48221","1.28","38.3675",
"BAYN.DE","2006-12-01","38.58","39.1","38.08","38.21","8016208","-0.36412","-0.95905","38.4925",
"BAYN.DE","2006-11-30","39.25","39.48","38.22","38.31","6544794","-0.9349","-2.39","38.815",
"BAYN.DE","2006-11-29","39.03","39.42","38.43","39.25","5592636","0.2165","0.56367","39.0325",
"BAYN.DE","2006-11-28","39.24","39.61","38.48","38.82","6733115","-0.41332","-1.07","39.0375",
"BAYN.DE","2006-11-27","39.07","39.46","38.82","39.16","8691996","0.08857","0.23036","39.1275",
"BAYN.DE","2006-11-24","39.27","39.36","38.27","38.38","7523829","-0.8857","-2.27","38.82",
"BAYN.DE","2006-11-23","39.17","39.61","39.12","39.45","3784000","0.28539","0.71483","39.3375",
"BAYN.DE","2006-11-22","39.36","39.42","38.88","39.13","3560659","-0.23619","-0.58435","39.1975",
"BAYN.DE","2006-11-21","39.46","39.75","39.27","39.32","3523896","-0.13777","-0.35479","39.45",
"BAYN.DE","2006-11-20","38.95","39.43","38.82","39.34","3621622","0.39364","1","39.135",
"BAYN.DE","2006-11-17","39.21","39.4","39.05","39.27","4726869","0.059048","0.15302","39.2325",
"BAYN.DE","2006-11-16","39.61","39.66","39.27","39.46","3805837","-0.14762","-0.37869","39.5",
"BAYN.DE","2006-11-15","39.64","39.72","39.46","39.62","3910377","-0.019683","-0.05045409","39.61",
"BAYN.DE","2006-11-14","39.54","39.8","39.32","39.54","2814737","0","0","39.55",
"BAYN.DE","2006-11-13","39.68","39.9","39.45","39.55","3002908","-0.12794","-0.32762","39.645",
"BAYN.DE","2006-11-10","39.72","40.02","39.51","39.78","5674316","0.059043","0.15106","39.7575",
"BAYN.DE","2006-11-09","39.81","39.9","39.37","39.81","3977381","0","0","39.7225",
"BAYN.DE","2006-11-08","39.36","40.04","39.32","39.65","4595430","0.28539","0.73679","39.5925",
"BAYN.DE","2006-11-07","39.63","39.93","39.34","39.5","3523075","-0.12794","-0.32803","39.6",
"BAYN.DE","2006-11-06","39.15","39.7","39.15","39.7","3923973","0.5511","1.4","39.425",
"BAYN.DE","2006-11-03","38.99","39.51","38.7","39.13","4127131","0.13777","0.35907","39.0825",
"BAYN.DE","2006-11-02","39.37","39.48","38.6","38.99","5145536","-0.3838","-0.9652","39.11",
"BAYN.DE","2006-11-01","38.68","39.71","38.48","39.53","5169991","0.85617","2.2","39.1",
"BAYN.DE","2006-10-31","38.65","38.98","38.35","38.82","4302406","0.17714","0.43984","38.7",
"BAYN.DE","2006-10-30","38.49","38.73","38.19","38.58","6160897","0.088569","0.23383","38.4975",
"BAYN.DE","2006-10-27","39.76","40.01","38.75","38.99","6477186","-0.76761","-1.94","39.3775",
"BAYN.DE","2006-10-26","40.05","40.05","39.57","39.77","3866755","-0.28539","-0.69913","39.86",
"BAYN.DE","2006-10-25","40.15","40.35","39.64","39.9","2841370","-0.25587","-0.62267","40.01",
"BAYN.DE","2006-10-24","39.47","40.34","39.47","40.15","4302904","0.67903","1.72","39.8575",
"BAYN.DE","2006-10-23","39.71","39.79","39.47","39.71","2898486","0","0","39.67",
"BAYN.DE","2006-10-20","39.58","39.8","39.42","39.68","4875301","0.098409","0.25265","39.62",
"BAYN.DE","2006-10-19","39.27","39.55","39.16","39.43","3406880","0.1673","0.40744","39.3525",
"BAYN.DE","2006-10-18","39.16","39.57","39.03","39.52","4477635","0.36412","0.91931","39.32",
"BAYN.DE","2006-10-17","39.17","39.27","38.7","38.97","4017260","-0.19682","-0.51059","39.0275",
"BAYN.DE","2006-10-16","39.44","39.46","39.05","39.26","2901349","-0.18698","-0.45639","39.3025",
"BAYN.DE","2006-10-13","39.5","39.59","39.09","39.4","3385914","-0.098409","-0.25316","39.395",
"BAYN.DE","2006-10-12","39.63","39.75","39.13","39.34","5266988","-0.28539","-0.73177","39.4625",
"BAYN.DE","2006-10-11","39.7","39.82","39.38","39.65","3019012","-0.049204","-0.12594","39.6375",
"BAYN.DE","2006-10-10","40.05","40.09","39.7","39.76","3372160","-0.29523","-0.72409","39.9",
"BAYN.DE","2006-10-09","39.36","39.88","39.07","39.88","3706082","0.51174","1.32","39.5475",
"BAYN.DE","2006-10-06","39.94","40.13","39.38","39.4","4872435","-0.53142","-1.35","39.7125",
"BAYN.DE","2006-10-05","40.25","40.39","39.89","39.97","3458910","-0.27555","-0.69565","40.125",
"BAYN.DE","2006-10-04","39.64","40.11","39.62","40.09","4003401","0.45269","1.14","39.865",
"BAYN.DE","2006-10-03","39.69","39.73","39.3","39.59","3088212","-0.098412","-0.25195","39.5775",
"BAYN.DE","2006-10-02","39.45","40.29","39.45","39.89","6219933","0.43301","1.12","39.77",
"BAYN.DE","2006-09-29","39.11","39.94","39.07","39.56","5450021","0.45269","1.15","39.42",
"BAYN.DE","2006-09-28","38.44","39.48","38.26","39.1","8714590","0.65935","1.72","38.82",
"BAYN.DE","2006-09-27","38.77","38.97","37.9","38.36","4995033","-0.41333","-1.06","38.5",
"BAYN.DE","2006-09-26","38.77","38.97","38.48","38.68","5327620","-0.098414","-0.23214","38.725",
"BAYN.DE","2006-09-25","38.09","38.65","37.91","38.5","4566130","0.40348","1.08","38.2875",
"BAYN.DE","2006-09-22","38.18","38.48","37.58","37.82","4277083","-0.36412","-0.9429","38.015",
"BAYN.DE","2006-09-21","38.22","38.58","37.89","38.52","4193832","0.29523","0.78493","38.3025",
"BAYN.DE","2006-09-20","38.41","38.54","37.99","38.23","6234706","-0.17714","-0.46863","38.2925",
"BAYN.DE","2006-09-19","38.28","38.78","38.08","38.48","6256727","0.19682","0.52247","38.405",
"BAYN.DE","2006-09-18","38.83","38.86","38.02","38.19","4312762","-0.63967","-1.65","38.475",
"BAYN.DE","2006-09-15","38.18","38.97","38.13","38.78","11967108","0.60031","1.57","38.515",
"BAYN.DE","2006-09-14","38.28","38.45","37.95","38.23","4609499","-0.049209","-0.13062","38.2275",
"BAYN.DE","2006-09-13","38.49","38.59","37.96","38.18","5093921","-0.30507","-0.8054","38.305",
"BAYN.DE","2006-09-12","37.96","38.51","37.75","38.44","5595670","0.48221","1.26","38.165",
"BAYN.DE","2006-09-11","37.27","38.15","37","37.96","5843640","0.68888","1.85","37.595",
"BAYN.DE","2006-09-08","37.28","37.72","37.21","37.5","2834840","0.22635","0.59013","37.4275",
"BAYN.DE","2006-09-07","37.15","37.56","37.03","37.23","4344170","0.078731","0.21534","37.2425",
"BAYN.DE","2006-09-06","37.44","37.57","36.96","37.3","4967590","-0.13777","-0.37393","37.3175",
"BAYN.DE","2006-09-05","37.88","37.88","37.12","37.49","3769894","-0.3838","-1.03","37.5925",
"BAYN.DE","2006-09-04","37.99","38.22","37.68","37.79","2695817","-0.19682","-0.52645","37.92",
"BAYN.DE","2006-09-01","38.06","38.12","37.42","37.79","6025508","-0.26571","-0.70941","37.8475",
"BAYN.DE","2006-08-31","38.38","38.38","38","38.06","3712981","-0.32476","-0.83377","38.205",
"BAYN.DE","2006-08-30","38.62","38.67","38.01","38.28","5322915","-0.3346","-0.88037","38.395",
"BAYN.DE","2006-08-29","38.68","39.36","38.29","38.64","6702886","-0.039365","-0.10341","38.7425",
"BAYN.DE","2006-08-28","38.56","38.95","37.99","38.91","2804321","0.35428","0.90768","38.6025",
"BAYN.DE","2006-08-25","38.55","38.7","38.38","38.54","3238102","-0.009839","-0.02594034","38.5425",
"BAYN.DE","2006-08-24","38.38","38.73","38.25","38.65","4070108","0.26571","0.70349","38.5025",
"BAYN.DE","2006-08-23","38.56","38.74","38.25","38.41","2338975","-0.14762","-0.389","38.49",
"BAYN.DE","2006-08-22","38.7","38.77","38.2","38.59","3872269","-0.10825","-0.28424","38.565",
"BAYN.DE","2006-08-21","38.78","38.87","38.27","38.55","3340688","-0.23619","-0.59309","38.6175",
"BAYN.DE","2006-08-18","39.08","39.36","38.78","38.94","3877443","-0.13777","-0.35824","39.04",
"BAYN.DE","2006-08-17","39.22","39.23","38.76","39.03","3823268","-0.18698","-0.48445","39.06",
"BAYN.DE","2006-08-16","39.18","39.35","38.68","39.17","5013191","-0.009843","-0.02552323","39.095",
"BAYN.DE","2006-08-15","38.38","39.55","38.26","39.42","4425348","1.04","2.71","38.9025",
"BAYN.DE","2006-08-14","38.38","38.84","38.27","38.66","3174048","0.27555","0.72955","38.5375",
"BAYN.DE","2006-08-11","38.08","38.43","37.95","38.13","3576312","0.049204","0.1313","38.1475",
"BAYN.DE","2006-08-10","37.14","38.12","36.87","37.84","6402009","0.69872","1.88","37.4925",
"BAYN.DE","2006-08-09","37.17","37.65","37.01","37.46","3448383","0.28539","0.7802","37.3225",
"BAYN.DE","2006-08-08","36.99","37.06","36.61","36.98","2453484","-0.009839","-0.02703433","36.91",
"BAYN.DE","2006-08-07","37.1","37.3","36.51","36.62","3806946","-0.48221","-1.29","36.8825",
"BAYN.DE","2006-08-04","37.24","38.01","37.2","37.55","3586852","0.31491","0.83244","37.5",
"BAYN.DE","2006-08-03","37.61","37.66","36.76","37.22","4068220","-0.39364","-1.04","37.3125",
"BAYN.DE","2006-08-02","37.46","37.67","36.87","37.5","4374569","0.049206","0.10678","37.375",
"BAYN.DE","2006-08-01","37.89","38.3","37.06","37.26","4208435","-0.62983","-1.66","37.6275",
"BAYN.DE","2006-07-31","38.57","38.75","37.35","37.96","6338077","-0.61015","-1.58","38.1575",
"BAYN.DE","2006-07-28","37.59","38.61","37.54","38.48","4763975","0.88569","2.37","38.055",
"BAYN.DE","2006-07-27","38.43","38.92","37.4","37.69","9538893","-0.73808","-1.93","38.11",
"BAYN.DE","2006-07-26","38.2","38.32","37.87","38.2","4551047","0","0","38.1475",
"BAYN.DE","2006-07-25","38.04","38.53","37.83","38.29","7395610","0.25587","0.6572","38.1725",
"BAYN.DE","2006-07-24","37.1","37.88","36.84","37.79","3990772","0.68888","1.86","37.4025",
"BAYN.DE","2006-07-21","37","37.56","36.73","36.86","8097353","-0.13777","-0.37838","37.0375",
"BAYN.DE","2006-07-20","36.65","37.3","36.65","37.15","7295485","0.50189","1.36","36.9375",
"BAYN.DE","2006-07-19","35.62","36.62","35.54","36.46","5787620","0.83649","2.36","36.06",
"BAYN.DE","2006-07-18","35.03","35.63","34.94","35.43","3909599","0.39364","1.14","35.2575",
"BAYN.DE","2006-07-17","35.62","35.62","35","35.28","5169785","-0.34444","-0.95452","35.38",
"BAYN.DE","2006-07-14","35.43","35.97","35.32","35.36","4139641","-0.068887","-0.19757","35.52",
"BAYN.DE","2006-07-13","36.06","36.45","35.69","35.87","5182749","-0.18698","-0.5269","36.0175",
"BAYN.DE","2006-07-12","36.5","37.15","36.25","36.41","6023589","-0.08857","-0.24658","36.5775",
"BAYN.DE","2006-07-11","35.9","36.56","35.82","36.26","7336733","0.36412","1","36.135",
"BAYN.DE","2006-07-10","35.7","36.14","35.49","36.08","5022894","0.37396","1.06","35.8525",
"BAYN.DE","2006-07-07","34.54","36.28","34.44","35.73","9560405","1.19","3.45","35.2475",
"BAYN.DE","2006-07-06","34.35","34.79","34.15","34.76","10590630","0.41332","1.19","34.5125",
"BAYN.DE","2006-07-05","35.58","35.8","34.98","35.11","4820919","-0.46253","-1.32","35.3675",
"BAYN.DE","2006-07-04","35.6","35.92","35.49","35.9","2178389","0.29523","0.8427","35.7275",
"BAYN.DE","2006-07-03","35.43","35.99","35.31","35.75","4952786","0.32476","0.90319","35.62",
"BAYN.DE","2006-06-30","35.18","35.9","34.99","35.37","12069330","0.18698","0.54008","35.36",
"BAYN.DE","2006-06-29","32.98","34","32.93","33.83","6562707","0.85618","2.58","33.435",
"BAYN.DE","2006-06-28","32.04","33.05","32","32.79","5031745","0.74792","2.34","32.47",
"BAYN.DE","2006-06-27","32.72","32.93","32.08","32.24","3644662","-0.48222","-1.47","32.4925",
"BAYN.DE","2006-06-26","32.76","32.84","32.44","32.5","2475322","-0.26571","-0.79365","32.635",
"BAYN.DE","2006-06-23","32.97","33.27","32.48","32.62","4860816","-0.34444","-1.06","32.835",
"BAYN.DE","2006-06-22","32.98","33.23","32.68","32.97","4008036","-0.00984","-0.03032141","32.965",
"BAYN.DE","2006-06-21","32.35","32.68","31.99","32.57","5468663","0.22634","0.68006","32.3975",
"BAYN.DE","2006-06-20","32.08","32.21","31.64","32.21","6705371","0.12794","0.40524","32.035",
"BAYN.DE","2006-06-19","32.55","33","32.2","32.36","5927125","-0.19682","-0.58372","32.5275",
"BAYN.DE","2006-06-16","33.01","33.45","32.49","32.66","9966849","-0.34444","-1.06","32.9025",
"BAYN.DE","2006-06-15","32.23","32.96","32.23","32.78","7997166","0.5511","1.71","32.55",
"BAYN.DE","2006-06-14","30","33.02","29.79","32.14","23098332","2.15","7.13","31.2375",
"BAYN.DE","2006-06-13","30.48","31.1","29.74","30.07","13012814","-0.40348","-1.35","30.3475",
"BAYN.DE","2006-06-12","32.18","32.31","31.23","31.77","10956723","-0.41333","-1.27","31.8725",
"BAYN.DE","2006-06-09","33.5","33.56","31.96","32.57","12755368","-0.92506","-2.78","32.8975",
"BAYN.DE","2006-06-08","33.26","33.65","33.04","33.06","8037363","-0.20666","-0.60132","33.2525",
"BAYN.DE","2006-06-07","33.51","34.68","33.43","34.04","7318257","0.53142","1.58","33.915",
"BAYN.DE","2006-06-06","33.35","34.04","33.31","33.49","6722977","0.13777","0.41979","33.5475",
"BAYN.DE","2006-06-05","33.88","33.95","33.35","33.71","4417868","-0.17714","-0.50177","33.7225",
"BAYN.DE","2006-06-02","34.67","34.74","33.69","33.98","6174284","-0.68888","-1.99","34.27",
"BAYN.DE","2006-06-01","34.16","34.46","33.71","34.3","5661583","0.13777","0.40984","34.1575",
"BAYN.DE","2006-05-31","34.3","34.69","34.05","34.48","7543162","0.18698","0.52478","34.38",
"BAYN.DE","2006-05-30","35.11","35.31","34.21","34.64","8055963","-0.47237","-1.34","34.8175",
"BAYN.DE","2006-05-29","35.49","35.68","35.25","35.25","2000006","-0.23619","-0.67625","35.4175",
"BAYN.DE","2006-05-26","34.64","35.94","34.62","35.56","9189657","0.91522","2.66","35.19",
"BAYN.DE","2006-05-25","33.61","34.49","33.56","34.46","5517126","0.85617","2.53","34.03",
"BAYN.DE","2006-05-24","33.57","33.75","32.87","33.43","8774216","-0.13778","-0.41704","33.405",
"BAYN.DE","2006-05-23","32.72","34.36","32.72","33.96","9642350","1.24","3.79","33.44",
"BAYN.DE","2006-05-22","33.03","33.21","32.2","32.62","8119852","-0.40348","-1.24","32.765",
"BAYN.DE","2006-05-19","33.32","33.69","32.93","33.18","6961725","-0.13777","-0.42017","33.28",
"BAYN.DE","2006-05-18","33.46","34.26","33.3","33.62","8095003","0.15746","0.47818","33.66",
"BAYN.DE","2006-05-17","34.81","35.16","33.26","33.6","7386047","-1.21","-3.48","34.2075",
"BAYN.DE","2006-05-16","34.78","35.17","34.26","34.69","6420199","-0.088569","-0.25877","34.725",
"BAYN.DE","2006-05-15","35.45","35.88","34.46","34.95","7377913","-0.5019","-1.41","35.185",
"BAYN.DE","2006-05-12","36.02","36.22","35.6","35.9","9031848","-0.11809","-0.33315","35.935",
"BAYN.DE","2006-05-11","36.02","37.07","35.87","36.03","8784904","0.009844","0.02776235","36.2475",
"BAYN.DE","2006-05-10","35.69","36.22","35.64","36.03","4925562","0.3346","0.95265","35.895",
"BAYN.DE","2006-05-09","35.33","36.11","35.15","35.94","6492737","0.61015","1.73","35.6325",
"BAYN.DE","2006-05-08","35.17","35.57","35.15","35.25","3953256","0.078727","0.22747","35.285",
"BAYN.DE","2006-05-05","34.98","35.33","34.82","35.26","4671797","0.28539","0.80046","35.0975",
"BAYN.DE","2006-05-04","34.75","35.29","34.32","35.19","5388865","0.44285","1.27","34.8875",
"BAYN.DE","2006-05-03","35.58","35.58","34.68","34.8","7288153","-0.77745","-2.19","35.16",
"BAYN.DE","2006-05-02","35.13","35.51","35.09","35.39","6690557","0.25587","0.74011","35.28",
"BAYN.DE","2006-04-28","36.26","36.61","35.97","36.03","10316988","-0.23618","-0.63431","36.2175",
"BAYN.DE","2006-04-27","35.45","36.56","35.45","36.17","17998142","0.7184","2.03","35.9075",
"BAYN.DE","2006-04-26","34.55","35.08","34.55","34.95","7686556","0.39364","1.16","34.7825",
"BAYN.DE","2006-04-25","34.69","34.85","34.23","34.55","5889779","-0.13777","-0.40357","34.58",
"BAYN.DE","2006-04-24","34.24","34.87","33.85","34.72","5275618","0.48221","1.4","34.42",
"BAYN.DE","2006-04-21","33.95","34.52","33.79","34.44","8151383","0.49205","1.44","34.175",
"BAYN.DE","2006-04-20","33.44","33.9","33.41","33.77","8747361","0.3346","0.98684","33.63",
"BAYN.DE","2006-04-19","33.1","33.29","32.87","33.15","4631248","0.059045","0.15106","33.1025",
"BAYN.DE","2006-04-18","32.95","32.95","32.62","32.78","2803255","-0.1673","-0.51593","32.825",
"BAYN.DE","2006-04-13","32.83","33.13","32.63","33.04","3397854","0.20666","0.63966","32.9075",
"BAYN.DE","2006-04-12","32.72","32.98","32.53","32.74","6000655","0.019682","0.06112469","32.7425",
"BAYN.DE","2006-04-11","33.21","33.31","32.77","32.88","5635058","-0.3346","-0.99368","33.0425",
"BAYN.DE","2006-04-10","32.9","33.45","32.77","33.39","5973327","0.49205","1.49","33.1275",
"BAYN.DE","2006-04-07","33.1","33.36","32.83","32.9","7746890","-0.19682","-0.60423","33.0475",
"BAYN.DE","2006-04-06","33.12","33.21","32.76","33.15","6592876","0.039361","0.09057971","33.06",
"BAYN.DE","2006-04-05","32.97","33.14","32.77","32.99","5815586","0.019683","0.06066121","32.9675",
"BAYN.DE","2006-04-04","32.8","32.95","32.62","32.75","4184988","-0.049208","-0.15244","32.78",
"BAYN.DE","2006-04-03","32.61","32.95","32.51","32.87","5668255","0.25587","0.7973","32.735",
"BAYN.DE","2006-03-31","32.76","32.79","32.48","32.53","7186380","-0.22634","-0.70208","32.64",
"BAYN.DE","2006-03-30","32.38","32.57","32.18","32.56","17927659","0.18698","0.5559","32.4225",
"BAYN.DE","2006-03-29","32.43","33.05","32.08","32.24","26828254","-0.18698","-0.58588","32.45",
"BAYN.DE","2006-03-28","34.12","34.27","33.27","33.54","5019591","-0.58062","-1.7","33.8",
"BAYN.DE","2006-03-27","34.82","34.86","34.13","34.23","4948726","-0.59047","-1.69","34.51",
"BAYN.DE","2006-03-24","34.64","34.93","34.2","34.86","13269225","0.2165","0.6351","34.6575",
"BAYN.DE","2006-03-23","33.31","34.44","32.92","34.2","10663862","0.8857","2.67","33.7175",
"BAYN.DE","2006-03-22","32.3","33.33","32.03","33.21","6900437","0.91522","2.82","32.7175",
"BAYN.DE","2006-03-21","32.61","32.7","32.22","32.45","3489817","-0.1673","-0.49065","32.495",
"BAYN.DE","2006-03-20","33","33.04","32.52","32.61","3599708","-0.3838","-1.18","32.7925",
"BAYN.DE","2006-03-17","32.48","32.89","32.32","32.48","9595375","0","0","32.5425",
"BAYN.DE","2006-03-16","32.95","33.01","32.25","32.47","4381715","-0.48221","-1.46","32.67",
"BAYN.DE","2006-03-15","32.98","33.06","32.22","32.93","6010284","-0.049205","-0.15161","32.7975",
"BAYN.DE","2006-03-14","32.48","33.09","32.39","33.05","5267290","0.57078","1.75","32.7525",
"BAYN.DE","2006-03-13","32.48","32.95","32.17","32.65","6272027","0.17714","0.5234","32.5625",
"BAYN.DE","2006-03-10","31.93","32.21","31.73","32.16","3668665","0.22634","0.72033","32.0075",
"BAYN.DE","2006-03-09","31.61","32.07","31.51","31.99","6477479","0.3838","1.2","31.795",
"BAYN.DE","2006-03-08","31.98","32.11","31.09","31.2","7777290","-0.78728","-2.44","31.595",
"BAYN.DE","2006-03-07","31.74","32.1","31.59","31.93","5269349","0.19682","0.59861","31.84",
"BAYN.DE","2006-03-06","32.86","33.04","31.41","31.89","16097495","-0.96442","-2.95","32.3",
"BAYN.DE","2006-03-03","33.8","34.01","32.9","33.26","4742211","-0.54126","-1.6","33.4925",
"BAYN.DE","2006-03-02","33.49","34.34","33.49","33.8","5118391","0.31491","0.92565","33.78",
"BAYN.DE","2006-03-01","33.31","33.72","33.12","33.54","4472148","0.22635","0.69048","33.4225",
"BAYN.DE","2006-02-28","33.96","34.03","33.25","33.25","4081434","-0.70855","-2.09","33.6225",
"BAYN.DE","2006-02-27","33.96","34.15","33.86","34.13","2248537","0.1673","0.50059","34.025",
"BAYN.DE","2006-02-24","34","34.03","33.6","33.88","2627027","-0.11809","-0.35294","33.8775",
"BAYN.DE","2006-02-23","34.2","34.39","33.6","33.85","3005013","-0.34444","-1.02","34.01",
"BAYN.DE","2006-02-22","33.66","34.13","33.47","34.1","3849309","0.44285","1.31","33.84",
"BAYN.DE","2006-02-21","34.18","34.34","33.36","33.77","4546116","-0.40348","-1.2","33.9125",
"BAYN.DE","2006-02-20","34.25","34.38","33.97","34.11","1951270","-0.13777","-0.40876","34.1775",
"BAYN.DE","2006-02-17","34.25","34.72","34.19","34.37","4617336","0.12794","0.35036","34.3825",
"BAYN.DE","2006-02-16","34.52","34.62","34.15","34.51","3825319","-0.009844","-0.02896871","34.45",
"BAYN.DE","2006-02-15","34.42","34.44","34.06","34.37","4213198","-0.049205","-0.14526","34.3225",
"BAYN.DE","2006-02-14","34.05","34.36","33.84","34.35","5078927","0.29524","0.88106","34.15",
"BAYN.DE","2006-02-13","33.73","34.05","33.14","34.01","5327381","0.28539","0.83012","33.7325",
"BAYN.DE","2006-02-10","33.76","34.27","33.62","33.72","5287940","-0.049208","-0.11848","33.8425",
"BAYN.DE","2006-02-09","33.32","33.84","32.94","33.73","5372031","0.40348","1.23","33.4575",
"BAYN.DE","2006-02-08","32.97","33.12","32.51","32.97","3972835","0","0","32.8925",
"BAYN.DE","2006-02-07","33.36","33.52","32.98","33.32","4100862","-0.039365","-0.1199","33.295",
"BAYN.DE","2006-02-06","33.32","33.62","33.12","33.26","2230116","-0.059048","-0.18007","33.33",
"BAYN.DE","2006-02-03","33.36","33.56","32.83","33.14","4567368","-0.21651","-0.65947","33.2225",
"BAYN.DE","2006-02-02","34.2","34.33","33.37","33.45","4858578","-0.74792","-2.19","33.8375",
"BAYN.DE","2006-02-01","33.83","34.27","33.64","34.17","4358406","0.3346","1.01","33.9775",
"BAYN.DE","2006-01-31","33.75","33.83","33.62","33.82","5166157","0.068888","0.20741","33.755",
"BAYN.DE","2006-01-30","33.9","33.96","33.62","33.68","4199127","-0.22634","-0.64897","33.79",
"BAYN.DE","2006-01-27","33.39","34.4","33.26","34.15","7528308","0.75776","2.28","33.8",
"BAYN.DE","2006-01-26","33.04","33.08","32.51","33.08","12684514","0.039365","0.12107","32.9275",
"BAYN.DE","2006-01-25","33.68","33.78","33.01","33.55","8662152","-0.12794","-0.38599","33.505",
"BAYN.DE","2006-01-24","33.66","33.82","33.58","33.66","3663397","0","0","33.68",
"BAYN.DE","2006-01-23","33.51","33.85","33.17","33.64","3690259","0.12794","0.38794","33.5425",
"BAYN.DE","2006-01-20","34","34.11","33.76","33.87","5342042","-0.12794","-0.38235","33.935",
"BAYN.DE","2006-01-19","34.14","34.4","33.95","34.03","3912330","-0.10825","-0.3222","34.13",
"BAYN.DE","2006-01-18","33.99","34.37","33.64","34.18","3550899","0.18698","0.55899","34.045",
"BAYN.DE","2006-01-17","34.67","34.82","34.33","34.47","3171481","-0.19682","-0.57687","34.5725",
"BAYN.DE","2006-01-16","34.84","35.07","34.52","35.01","2379579","0.17714","0.48794","34.86",
"BAYN.DE","2006-01-13","35.05","35.15","34.62","34.78","3177576","-0.27555","-0.77033","34.9",
"BAYN.DE","2006-01-12","35.03","35.15","34.86","35.05","2296278","0.019683","0.05709392","35.0225",
"BAYN.DE","2006-01-11","35.31","35.46","34.79","34.97","3114655","-0.34444","-0.9629","35.1325",
"BAYN.DE","2006-01-10","35.43","35.57","34.93","35.13","2990457","-0.29523","-0.84674","35.265",
"BAYN.DE","2006-01-09","35.74","35.82","35.33","35.48","3820314","-0.26571","-0.72748","35.5925",
"BAYN.DE","2006-01-06","35.48","35.53","35.24","35.49","2091477","0.009843","0.02818489","35.435",
"BAYN.DE","2006-01-05","35.89","35.91","35.5","35.55","2433312","-0.34444","-0.94734","35.7125",
"BAYN.DE","2006-01-04","36.2","36.22","35.75","35.79","4269006","-0.40348","-1.13","35.99",
"BAYN.DE","2006-01-03","35.05","35.97","35.03","35.7","3873712","0.64951","1.85","35.4375",
"BAYN.DE","2006-01-02","34.74","35.05","34.57","35.05","1161129","0.31491","0.89234","34.8525",
"BAYN.DE","2005-12-30","35.18","35.18","34.5","34.73","1766986","-0.45269","-1.28","34.8975",
"BAYN.DE","2005-12-29","35.52","35.53","35.03","35.21","1403170","-0.30507","-0.87275","35.3225",
"BAYN.DE","2005-12-28","35.28","35.47","35.12","35.22","1732472","-0.059043","-0.17007","35.2725",
"BAYN.DE","2005-12-27","35.18","35.54","35.18","35.35","1459554","0.1673","0.48323","35.3125",
"BAYN.DE","2005-12-26","35.09","35.09","35.09","35.09","0","0","0","35.09",
"BAYN.DE","2005-12-23","34.89","35.28","34.8","35.09","1883357","0.20666","0.57323","35.015",
"BAYN.DE","2005-12-22","34.68","34.87","34.31","34.84","2849840","0.15746","0.46136","34.675",
"BAYN.DE","2005-12-21","34.43","34.84","34.12","34.84","4630210","0.40348","1.19","34.5575",
"BAYN.DE","2005-12-20","33.64","33.99","33.6","33.9","2329267","0.26571","0.77289","33.7825",
"BAYN.DE","2005-12-19","33.87","34.16","33.58","33.7","2641740","-0.17713","-0.50192","33.8275",
"BAYN.DE","2005-12-16","33.75","34.06","33.64","33.94","6531717","0.18698","0.56296","33.8475",
"BAYN.DE","2005-12-15","33.75","33.88","33.61","33.63","3233863","-0.1181","-0.35556","33.7175",
"BAYN.DE","2005-12-14","33.56","33.84","33.38","33.63","5418700","0.068887","0.20858","33.6025",
"BAYN.DE","2005-12-13","33.47","33.51","33.07","33.19","3189067","-0.27555","-0.83657","33.31",
"BAYN.DE","2005-12-12","33.73","33.8","33.13","33.34","3110208","-0.3838","-1.16","33.5",
"BAYN.DE","2005-12-09","33.61","33.83","33.31","33.52","3049696","-0.088571","-0.26778","33.5675",
"BAYN.DE","2005-12-08","33.26","33.8","33.12","33.8","3755929","0.54126","1.62","33.495",
"BAYN.DE","2005-12-07","33.9","33.95","33.39","33.51","3022529","-0.39364","-1.15","33.6875",
"BAYN.DE","2005-12-06","33.64","34.21","33.49","34.02","4262077","0.3838","1.13","33.84",
"BAYN.DE","2005-12-05","34.43","34.53","34","34.15","2420594","-0.28539","-0.81324","34.2775",
"BAYN.DE","2005-12-02","34.13","34.44","34","34.44","3630224","0.31491","0.90829","34.2525",
"BAYN.DE","2005-12-01","33.43","34.04","33.41","34.04","4511069","0.61015","1.82","33.73",
"BAYN.DE","2005-11-30","32.99","33.48","32.92","33.32","3763920","0.3346","1","33.1775",
"BAYN.DE","2005-11-29","32.93","33.38","32.86","33.15","2640209","0.22635","0.66808","33.08",
"BAYN.DE","2005-11-28","33.08","33.43","32.8","32.91","3279596","-0.1673","-0.51391","33.055",
"BAYN.DE","2005-11-25","32.82","33.09","32.79","32.98","2033100","0.15746","0.48751","32.92",
"BAYN.DE","2005-11-24","33.03","33.15","32.7","32.92","3375483","-0.10825","-0.33303","32.95",
"BAYN.DE","2005-11-23","33.41","33.51","32.86","32.96","3970197","-0.45269","-1.35","33.185",
"BAYN.DE","2005-11-22","33.46","33.46","33.05","33.41","3617737","-0.049204","-0.14943","33.345",
"BAYN.DE","2005-11-21","32.89","33.31","32.81","33.28","3486729","0.39364","1.19","33.0725",
"BAYN.DE","2005-11-18","32.91","33.04","32.52","32.74","4957459","-0.1673","-0.51656","32.8025",
"BAYN.DE","2005-11-17","31.98","32.64","31.97","32.46","4690761","0.47237","1.5","32.2625",
"BAYN.DE","2005-11-16","31.98","32.13","31.76","31.98","4541710","0","0","31.9625",
"BAYN.DE","2005-11-15","31.84","32.02","31.48","31.98","4905508","0.14762","0.4397","31.83",
"BAYN.DE","2005-11-14","31.32","31.99","31.16","31.93","6877679","0.61015","1.95","31.6",
"BAYN.DE","2005-11-11","30.95","31.37","30.86","31.36","6201545","0.41333","1.32","31.135",
"BAYN.DE","2005-11-10","30.29","30.64","29.89","30.4","5321495","0.10825","0.36316","30.305",
"BAYN.DE","2005-11-09","29.73","30.25","29.55","30.2","9123622","0.47237","1.58","29.9325",
"BAYN.DE","2005-11-08","29.22","29.31","28.68","28.88","2738918","-0.3346","-1.16","29.0225",
"BAYN.DE","2005-11-07","28.92","29.26","28.71","29.15","2063589","0.22635","0.7953","29.01",
"BAYN.DE","2005-11-04","28.79","29.17","28.69","28.82","3673961","0.029524","0.1042","28.8675",
"BAYN.DE","2005-11-03","28.74","28.98","28.6","28.95","3512654","0.2165","0.73069","28.8175",
"BAYN.DE","2005-11-02","28.43","28.54","27.79","28.52","3799556","0.088571","0.31657","28.32",
"BAYN.DE","2005-11-01","28.49","28.49","28.17","28.4","2036816","-0.08857","-0.3159","28.3875",
"BAYN.DE","2005-10-31","28.24","28.58","27.89","28.51","4547234","0.26571","0.95609","28.305",
"BAYN.DE","2005-10-28","27.47","27.95","27.34","27.71","4456724","0.24603","0.87368","27.6175",
"BAYN.DE","2005-10-27","27.89","27.89","27.26","27.42","4760016","-0.47237","-1.69","27.615",
"BAYN.DE","2005-10-26","28.43","28.53","27.46","28.02","7357390","-0.41333","-1.44","28.11",
"BAYN.DE","2005-10-25","28.9","28.97","28.16","28.17","3594203","-0.73808","-2.53","28.55",
"BAYN.DE","2005-10-24","28.1","28.77","28.1","28.77","2319253","0.66919","2.38","28.435",
"BAYN.DE","2005-10-21","28.29","28.6","28.08","28.11","3450777","-0.18698","-0.63627","28.27",
"BAYN.DE","2005-10-20","28.73","28.77","28.25","28.38","2559618","-0.34444","-1.22","28.5325",
"BAYN.DE","2005-10-19","28.5","28.77","27.99","28.35","6132746","-0.14762","-0.52632","28.4025",
"BAYN.DE","2005-10-18","29.22","29.31","28.89","28.91","3455273","-0.30507","-1.06","29.0825",
"BAYN.DE","2005-10-17","29.15","29.31","28.93","29.07","2075270","-0.078728","-0.27444","29.115",
"BAYN.DE","2005-10-14","29.23","29.28","28.87","29.1","3471091","-0.12794","-0.44475","29.12",
"BAYN.DE","2005-10-13","29.11","29.41","28.96","29.23","4457318","0.11809","0.41223","29.1775",
"BAYN.DE","2005-10-12","29.51","29.51","29.14","29.29","3773782","-0.22635","-0.74551","29.3625",
"BAYN.DE","2005-10-11","29.75","29.96","29.65","29.78","1941085","0.029523","0.10084","29.785",
"BAYN.DE","2005-10-10","29.86","30.02","29.5","29.6","2070075","-0.25587","-0.87073","29.745",
"BAYN.DE","2005-10-07","29.55","29.75","29.24","29.57","3056033","0.01968","0.0676819","29.5275",
"BAYN.DE","2005-10-06","29.52","29.74","29.18","29.64","4969795","0.11809","0.4065","29.52",
"BAYN.DE","2005-10-05","30.46","30.47","29.84","29.87","3439548","-0.59047","-1.94","30.16",
"BAYN.DE","2005-10-04","30.22","30.74","29.95","30.73","3337640","0.51174","1.69","30.41",
"BAYN.DE","2005-10-03","29.98","30.27","29.82","30.21","2163423","0.23619","0.76718","30.07",
"BAYN.DE","2005-09-30","30.01","30.11","29.8","30.01","3393876","0","0","29.9825",
"BAYN.DE","2005-09-29","30.1","30.11","29.65","29.76","2250785","-0.34444","-1.13","29.905",
"BAYN.DE","2005-09-28","29.71","30.09","29.59","30.07","3287777","0.36412","1.21","29.865",
"BAYN.DE","2005-09-27","29.77","29.94","29.41","29.45","2967979","-0.31491","-1.07","29.6425",
"BAYN.DE","2005-09-26","29.34","29.96","29.26","29.87","5263920","0.53142","1.81","29.6075",
"BAYN.DE","2005-09-23","29.11","29.29","28.67","28.77","4469375","-0.34444","-1.17","28.96",
"BAYN.DE","2005-09-22","29.33","29.36","28.79","28.9","3852599","-0.42316","-1.47","29.095",
"BAYN.DE","2005-09-21","29.83","29.89","29.34","29.38","4056020","-0.45269","-1.51","29.61",
"BAYN.DE","2005-09-20","29.97","30.19","29.75","30.09","3086265","0.12793","0.4004","30",
"BAYN.DE","2005-09-19","29.33","30.03","29.29","29.88","4955811","0.5511","1.88","29.6325",
"BAYN.DE","2005-09-16","29.6","30.32","29.5","30.25","9036676","0.64951","2.2","29.9175",
"BAYN.DE","2005-09-15","29.52","29.89","29.43","29.47","3702239","-0.049204","-0.16938","29.5775",
"BAYN.DE","2005-09-14","29.61","29.7","29.33","29.52","3476585","-0.08857","-0.30395","29.54",
"BAYN.DE","2005-09-13","30.39","30.41","29.36","29.43","4990934","-0.95458","-3.16","29.8975",
"BAYN.DE","2005-09-12","30.41","30.51","30.19","30.32","3263954","-0.08857","-0.29596","30.3575",
"BAYN.DE","2005-09-09","30.19","30.49","29.9","30.35","2604601","0.15746","0.52998","30.2325",
"BAYN.DE","2005-09-08","30.1","30.4","29.82","30.06","3753085","-0.039365","-0.13289","30.095",
"BAYN.DE","2005-09-07","29.33","30.18","29.17","30.06","6297840","0.73808","2.49","29.685",
"BAYN.DE","2005-09-06","28.96","29.32","28.94","29.23","2886851","0.26571","0.93232","29.1125",
"BAYN.DE","2005-09-05","28.78","29.04","28.65","29.04","2229414","0.26571","0.90341","28.8775",
"BAYN.DE","2005-09-02","28.34","28.87","28.26","28.61","3551666","0.26571","0.95272","28.52",
"BAYN.DE","2005-09-01","28.36","28.52","28.01","28.24","3333006","-0.11809","-0.42313","28.2825",
"BAYN.DE","2005-08-31","27.83","28.23","27.76","28.16","3365974","0.32475","1.19","27.995",
"BAYN.DE","2005-08-30","28.05","28.15","27.73","27.79","2519963","-0.25587","-0.92692","27.93",
"BAYN.DE","2005-08-29","27.7","28.11","27.59","27.99","2052015","0.28539","1.05","27.8475",
"BAYN.DE","2005-08-26","28.19","28.37","27.79","27.85","3373681","-0.34444","-1.21","28.05",
"BAYN.DE","2005-08-25","28.28","28.41","28.07","28.25","2543943","-0.029524","-0.10608","28.2525",
"BAYN.DE","2005-08-24","28.7","28.78","28.4","28.57","3157924","-0.12793","-0.45296","28.6125",
"BAYN.DE","2005-08-23","28.49","28.87","28.48","28.83","3992789","0.34443","1.19","28.6675",
"BAYN.DE","2005-08-22","28.59","28.67","28.45","28.61","2016727","0.019683","0.06995453","28.58",
"BAYN.DE","2005-08-19","28.17","28.55","28.03","28.48","4632874","0.30508","1.1","28.3075",
"BAYN.DE","2005-08-18","28.29","28.29","27.75","28.1","4764233","-0.19682","-0.67162","28.1075",
"BAYN.DE","2005-08-17","28.38","28.38","27.6","28.17","5161541","-0.2165","-0.73996","28.1325",
"BAYN.DE","2005-08-16","28.98","29.09","28.21","28.38","4284138","-0.60031","-2.07","28.665",
"BAYN.DE","2005-08-15","29.16","29.35","28.87","28.89","2281775","-0.26571","-0.92593","29.0675",
"BAYN.DE","2005-08-12","29.63","29.63","29.18","29.2","2160491","-0.43301","-1.45","29.41",
"BAYN.DE","2005-08-11","29.52","29.7","29.35","29.44","3465356","-0.078729","-0.271","29.5025",
"BAYN.DE","2005-08-10","29.39","29.61","29.08","29.61","7087691","0.22634","0.74855","29.4225",
"BAYN.DE","2005-08-09","29.51","29.96","29.34","29.96","3676880","0.44285","1.52","29.6925",
"BAYN.DE","2005-08-08","29.67","29.95","29.38","29.53","3369045","-0.13778","-0.47186","29.6325",
"BAYN.DE","2005-08-05","29.57","29.59","29.37","29.44","3523451","-0.12793","-0.43963","29.4925",
"BAYN.DE","2005-08-04","29.71","29.93","29.41","29.66","5530311","-0.049207","-0.16829","29.6775",
"BAYN.DE","2005-08-03","29.37","29.72","29.19","29.67","5147994","0.30507","1.02","29.4875",
"BAYN.DE","2005-08-02","29.01","29.35","28.95","29.3","2428030","0.28539","0.99966","29.1525",
"BAYN.DE","2005-08-01","29.01","29.12","28.9","28.97","2421655","-0.039363","-0.13788","29",
"BAYN.DE","2005-07-29","29.03","29.13","28.92","29.01","3542148","-0.019682","-0.06889425","29.0225",
"BAYN.DE","2005-07-28","28.98","29.19","28.73","29.11","3877281","0.12793","0.44859","29.0025",
"BAYN.DE","2005-07-27","28.83","28.99","28.7","28.79","2335253","-0.049204","-0.13874","28.8275",
"BAYN.DE","2005-07-26","29.16","29.24","28.78","28.88","3132848","-0.27555","-0.96022","29.015",
"BAYN.DE","2005-07-25","29.13","29.52","28.98","29.14","3735419","0.009842","0.03432887","29.1925",
"BAYN.DE","2005-07-22","28.88","29.11","28.67","29.06","3601496","0.17714","0.62327","28.93",
"BAYN.DE","2005-07-21","28.83","29.11","28.46","28.87","6511046","0.039365","0.13874","28.8175",
"BAYN.DE","2005-07-20","28.34","28.58","28.27","28.56","4946036","0.2165","0.77629","28.4375",
"BAYN.DE","2005-07-19","28.19","28.34","27.77","28.34","5896982","0.14761","0.5321","28.16",
"BAYN.DE","2005-07-18","27.67","28.17","27.67","28.15","3658185","0.47237","1.73","27.915",
"BAYN.DE","2005-07-15","27.68","27.88","27.58","27.73","3417295","0.049206","0.18064","27.7175",
"BAYN.DE","2005-07-14","27.71","27.86","27.6","27.69","3189213","-0.019683","-0.07217611","27.715",
"BAYN.DE","2005-07-13","27.55","27.75","27.41","27.74","4166970","0.19682","0.68966","27.6125",
"BAYN.DE","2005-07-12","27.35","27.56","27.02","27.53","3849127","0.17714","0.65814","27.365",
"BAYN.DE","2005-07-11","26.97","27.3","26.93","27.26","5625607","0.28539","1.08","27.115",
"BAYN.DE","2005-07-08","26.62","26.71","26.44","26.7","4543575","0.078729","0.30053","26.6175",
"BAYN.DE","2005-07-07","26.82","26.88","25.69","26.35","10085573","-0.46253","-1.75","26.435",
"BAYN.DE","2005-07-06","27.16","27.26","26.9","26.98","2304307","-0.17714","-0.66274","27.075",
"BAYN.DE","2005-07-05","27.14","27.25","26.92","27.16","1913255","0.019682","0.07369197","27.1175",
"BAYN.DE","2005-07-04","27.35","27.45","27.16","27.24","1763834","-0.10825","-0.40219","27.3",
"BAYN.DE","2005-07-01","27.23","27.55","27.05","27.42","1940884","0.18698","0.69776","27.3125",
"BAYN.DE","2005-06-30","27.16","27.32","26.99","27.15","2775819","-0.009841","-0.03681885","27.155",
"BAYN.DE","2005-06-29","27.39","27.41","26.76","27.35","3584638","-0.039363","-0.14604","27.2275",
"BAYN.DE","2005-06-28","26.96","27.35","26.79","27.27","2375227","0.30507","1.15","27.0925",
"BAYN.DE","2005-06-27","27.14","27.22","26.93","26.97","2855626","-0.1673","-0.62638","27.065",
"BAYN.DE","2005-06-24","27.7","27.75","27.14","27.3","4654045","-0.40348","-1.44","27.4725",
"BAYN.DE","2005-06-23","28.04","28.15","27.77","28","2590218","-0.039363","-0.14265","27.99",
"BAYN.DE","2005-06-22","27.94","28.17","27.77","28.01","3109242","0.068887","0.25054","27.9725",
"BAYN.DE","2005-06-21","27.93","28.33","27.89","28.02","4849033","0.088569","0.32223","28.0425",
"BAYN.DE","2005-06-20","27.55","27.84","27.27","27.77","3883105","0.22634","0.79855","27.6075",
"BAYN.DE","2005-06-17","27.83","27.9","27.59","27.59","10196015","-0.23619","-0.86238","27.7275",
"BAYN.DE","2005-06-16","27.71","27.86","27.54","27.73","3392336","0.019682","0.07217611","27.71",
"BAYN.DE","2005-06-15","27.99","28.02","27.55","27.61","4508840","-0.37396","-1.36","27.7925",
"BAYN.DE","2005-06-14","28.06","28.11","27.77","27.9","2618253","-0.15746","-0.57021","27.96",
"BAYN.DE","2005-06-13","28.07","28.18","27.85","28.17","3334717","0.098411","0.35625","28.0675",
"BAYN.DE","2005-06-10","28.05","28.18","27.79","28.13","5472949","0.078729","0.2852","28.0375",
"BAYN.DE","2005-06-09","27.47","27.96","27.29","27.91","3908821","0.44285","1.6","27.6575",
"BAYN.DE","2005-06-08","27.41","27.55","27.36","27.51","2000460","0.098412","0.36483","27.4575",
"BAYN.DE","2005-06-07","27.41","27.77","27.2","27.66","3695226","0.25587","0.91208","27.51",
"BAYN.DE","2005-06-06","27.53","27.58","27.3","27.42","2528346","-0.10825","-0.39956","27.4575",
"BAYN.DE","2005-06-03","27.74","27.78","27.31","27.41","3068737","-0.3346","-1.19","27.56",
"BAYN.DE","2005-06-02","27.37","27.77","27.36","27.5","4342650","0.12794","0.47497","27.5",
"BAYN.DE","2005-06-01","26.97","27.55","26.82","27.47","5194746","0.49205","1.85","27.2025",
"BAYN.DE","2005-05-31","26.9","27.03","26.78","26.86","3259888","-0.039363","-0.1487","26.8925",
"BAYN.DE","2005-05-30","26.86","26.96","26.73","26.91","1814294","0.049204","0.18615","26.865",
"BAYN.DE","2005-05-27","26.79","26.87","26.65","26.84","2665008","0.049206","0.18664","26.7875",
"BAYN.DE","2005-05-26","26.82","26.89","26.63","26.79","2427561","-0.029524","-0.11186","26.7825",
"BAYN.DE","2005-05-25","26.88","26.93","26.63","26.72","2832233","-0.15746","-0.59524","26.79",
"BAYN.DE","2005-05-24","26.76","26.9","26.66","26.87","2212300","0.10825","0.41106","26.7975",
"BAYN.DE","2005-05-23","26.89","26.98","26.63","26.71","2939717","-0.17714","-0.66939","26.8025",
"BAYN.DE","2005-05-20","26.54","26.94","26.47","26.7","7015787","0.15746","0.60286","26.6625",
"BAYN.DE","2005-05-19","26.17","26.57","26.17","26.49","4253510","0.32475","1.22","26.35",
"BAYN.DE","2005-05-18","25.64","26.15","25.54","26.15","5700350","0.51174","1.99","25.87",
"BAYN.DE","2005-05-17","25.6","25.66","25.24","25.48","4205554","-0.11809","-0.46875","25.495",
"BAYN.DE","2005-05-16","25.84","26.14","25.25","25.53","4581589","-0.31491","-1.2","25.69",
"BAYN.DE","2005-05-13","25.85","26.03","25.54","25.84","5419534","-0.009841","-0.03868472","25.815",
"BAYN.DE","2005-05-12","25.92","26.24","25.82","26.12","4848550","0.19682","0.7716","26.025",
"BAYN.DE","2005-05-11","25.77","26.33","25.67","25.86","5059077","0.08857","0.34924","25.9075",
"BAYN.DE","2005-05-10","25.95","26.19","25.71","25.8","6270654","-0.14762","-0.57803","25.9125",
"BAYN.DE","2005-05-09","25.77","26.07","25.67","25.87","7042249","0.098411","0.38805","25.845",
"BAYN.DE","2005-05-06","25.4","25.71","25.12","25.6","4607270","0.19682","0.7874","25.4575",
"BAYN.DE","2005-05-05","25.24","25.39","24.97","25.24","2636373","0","0","25.21",
"BAYN.DE","2005-05-04","25.15","25.23","24.72","25.08","3114225","-0.068887","-0.27833","25.045",
"BAYN.DE","2005-05-03","25.08","25.33","25","25.16","3845787","0.08857","0.31898","25.1425",
"BAYN.DE","2005-05-02","24.6","25.14","24.58","24.96","4783243","0.35428","1.46","24.82",
"BAYN.DE","2005-04-29","24.37","25.04","24.37","24.96","7149200","0.59047","2.42","24.685",
"BAYN.DE","2005-04-28","24.59","24.67","24.35","24.48","4680488","-0.10825","-0.44734","24.5225",
"BAYN.DE","2005-04-27","24.6","24.63","24.26","24.46","4786992","-0.14762","-0.56911","24.4875",
"BAYN.DE","2005-04-26","24.37","24.81","24.36","24.75","5535753","0.3838","1.56","24.5725",
"BAYN.DE","2005-04-25","24.29","24.61","24.24","24.48","3409473","0.19682","0.78221","24.405",
"BAYN.DE","2005-04-22","24.43","24.71","24.35","24.46","3001229","0.039365","0.1228","24.4875",
"BAYN.DE","2005-04-21","24.41","24.5","24.22","24.4","4589027","-0.009839","-0.04096682","24.3825",
"BAYN.DE","2005-04-20","24.98","25.28","24.43","24.54","5968374","-0.43301","-1.76","24.8075",
"BAYN.DE","2005-04-19","24.57","24.95","24.57","24.8","5018081","0.22635","0.9361","24.7225",
"BAYN.DE","2005-04-18","24.89","24.93","24.19","24.57","8616031","-0.31492","-1.29","24.645",
"BAYN.DE","2005-04-15","25.31","25.59","25.2","25.28","7595972","-0.029521","-0.11853","25.345",
"BAYN.DE","2005-04-14","25.79","25.85","25.55","25.59","5115032","-0.20666","-0.77549","25.695",
"BAYN.DE","2005-04-13","26.16","26.17","25.9","26.01","2992948","-0.14762","-0.57339","26.06",
"BAYN.DE","2005-04-12","26.03","26.22","25.78","25.93","2975761","-0.098412","-0.38417","25.99",
"BAYN.DE","2005-04-11","25.89","26.14","25.74","25.98","1915545","0.088571","0.34762","25.9375",
"BAYN.DE","2005-04-08","26.08","26.25","25.96","26.05","2490092","-0.029524","-0.11503","26.085",
"BAYN.DE","2005-04-07","25.7","26.08","25.7","25.99","3557461","0.29523","1.13","25.8675",
"BAYN.DE","2005-04-06","25.38","25.8","25.28","25.8","3855704","0.42316","1.65","25.565",
"BAYN.DE","2005-04-05","25.48","25.48","25.16","25.34","2119827","-0.13777","-0.54945","25.365",
"BAYN.DE","2005-04-04","25.15","25.34","25.01","25.24","3017327","0.088571","0.35785","25.185",
"BAYN.DE","2005-04-01","24.93","25.53","24.93","25.39","3744421","0.46253","1.85","25.195",
"BAYN.DE","2005-03-31","25.31","25.31","24.89","25.07","3108235","-0.24603","-0.94824","25.145",
"BAYN.DE","2005-03-30","24.81","25.11","24.74","25.09","3077493","0.28539","1.13","24.9375",
"BAYN.DE","2005-03-29","25.06","25.35","24.8","24.98","3755279","-0.078728","-0.31923","25.0475",
"BAYN.DE","2005-03-28","25.11","25.11","25.11","25.11","0","0","0","25.11",
"BAYN.DE","2005-03-25","25.11","25.11","25.11","25.11","0","0","0","25.11",
"BAYN.DE","2005-03-24","24.95","25.15","24.86","25.11","3337606","0.1673","0.64128","25.0175",
"BAYN.DE","2005-03-23","24.98","25.08","24.77","24.94","4058799","-0.039364","-0.16013","24.9425",
"BAYN.DE","2005-03-22","25.05","25.28","24.87","25.24","3623217","0.19682","0.75848","25.11",
"BAYN.DE","2005-03-21","25.47","25.87","24.97","25.02","6694126","-0.45269","-1.77","25.3325",
"BAYN.DE","2005-03-18","25.15","25.27","25.04","25.27","8702793","0.11809","0.47714","25.1825",
"BAYN.DE","2005-03-17","24.8","25.35","24.77","25.16","5455959","0.36412","1.45","25.02",
"BAYN.DE","2005-03-16","25.23","25.35","24.79","24.94","7929496","-0.29523","-1.15","25.0775",
"BAYN.DE","2005-03-15","26.12","26.28","24.76","25.32","11438820","-0.79713","-3.06","25.62",
"BAYN.DE","2005-03-14","25.78","26.08","25.78","25.81","2707058","0.029523","0.11637","25.8625",
"BAYN.DE","2005-03-11","25.8","26.24","25.7","25.97","5747479","0.1673","0.65891","25.9275",
"BAYN.DE","2005-03-10","25.48","25.82","25.39","25.58","3772337","0.098412","0.39246","25.5675",
"BAYN.DE","2005-03-09","25.84","26.19","25.52","25.53","3958704","-0.31491","-1.2","25.77",
"BAYN.DE","2005-03-08","26.17","26.28","25.93","25.98","3123968","-0.18698","-0.72602","26.09",
"BAYN.DE","2005-03-07","26.23","26.31","26.04","26.3","2887663","0.068886","0.26687","26.22",
"BAYN.DE","2005-03-04","26.08","26.26","25.99","26.23","2971793","0.14762","0.57515","26.14",
"BAYN.DE","2005-03-03","26.24","26.31","26.08","26.08","4046968","-0.15746","-0.60976","26.1775",
"BAYN.DE","2005-03-02","25.87","26.39","25.69","26.39","5475493","0.52158","2.01","26.085",
"BAYN.DE","2005-03-01","26.05","26.13","25.76","26.13","4980210","0.078729","0.3071","26.0175",
"BAYN.DE","2005-02-28","26.37","26.44","25.95","25.98","3719227","-0.39364","-1.48","26.185",
"BAYN.DE","2005-02-25","26.06","26.28","25.99","26.18","3848399","0.11809","0.46048","26.1275",
"BAYN.DE","2005-02-24","25.54","25.99","25.45","25.9","6218739","0.36412","1.41","25.72",
"BAYN.DE","2005-02-23","25.76","25.76","25.3","25.59","6335986","-0.17714","-0.65994","25.6025",
"BAYN.DE","2005-02-22","26.34","26.36","25.85","25.98","4071451","-0.36412","-1.37","26.1325",
"BAYN.DE","2005-02-21","26.39","26.42","26.18","26.36","3049556","-0.029522","-0.11368","26.3375",
"BAYN.DE","2005-02-18","26.03","26.37","25.94","26.32","4258503","0.29523","1.11","26.165",
"BAYN.DE","2005-02-17","25.57","26.08","25.55","26","3785576","0.43301","1.68","25.8",
"BAYN.DE","2005-02-16","25.86","25.86","25.45","25.62","4639847","-0.24603","-0.92807","25.6975",
"BAYN.DE","2005-02-15","25.91","26.08","25.72","25.9","3793715","-0.009841","-0.03859514","25.9025",
"BAYN.DE","2005-02-14","25.88","26.34","25.83","26.04","5095244","0.15746","0.61824","26.0225",
"BAYN.DE","2005-02-11","25.65","25.96","25.58","25.93","5584519","0.28539","1.09","25.78",
"BAYN.DE","2005-02-10","25.27","25.66","25.1","25.64","6923097","0.36412","1.46","25.4175",
"BAYN.DE","2005-02-09","25.07","25.37","24.88","25.2","5896662","0.13778","0.51855","25.13",
"BAYN.DE","2005-02-08","24.97","25.09","24.86","24.99","4377114","0.01968","0.08009612","24.9775",
"BAYN.DE","2005-02-07","24.63","25.13","24.63","25.03","5711602","0.39364","1.62","24.855",
"BAYN.DE","2005-02-04","24.13","24.7","24.07","24.7","6386006","0.57078","2.36","24.4",
"BAYN.DE","2005-02-03","24.17","24.26","23.96","24.08","4089957","-0.08857","-0.37236","24.1175",
"BAYN.DE","2005-02-02","24.31","24.31","23.96","24.19","4318889","-0.11809","-0.49362","24.1925",
"BAYN.DE","2005-02-01","24.12","24.35","23.99","24.35","7050484","0.22634","0.95357","24.2025",
"BAYN.DE","2005-01-31","23.61","24.02","23.52","24","11921626","0.39364","1.65","23.7875",
"BAYN.DE","2005-01-28","23.05","23.28","22.85","23.14","8280996","0.092785","0.39046","23.08",
"BAYN.DE","2005-01-27","23.29","23.34","22.92","22.93","8350811","-0.36186","-1.55","23.12",
"BAYN.DE","2005-01-26","23.19","23.26","23.15","23.15","4564214","-0.037113","-0.17249","23.1875",
"BAYN.DE","2005-01-25","23.06","23.29","22.89","23.15","4760924","0.092784","0.39029","23.0975",
"BAYN.DE","2005-01-24","23.08","23.31","22.96","23.08","6415651","-0.009277","0","23.1075",
"BAYN.DE","2005-01-21","22.52","23.25","22.47","23.15","11941675","0.63093","2.8","22.8475",
"BAYN.DE","2005-01-20","22.5","22.74","22.44","22.65","5571798","0.14845","0.66667","22.5825",
"BAYN.DE","2005-01-19","22.82","22.84","22.62","22.69","3987537","-0.12062","-0.56968","22.7425",
"BAYN.DE","2005-01-18","22.69","22.76","22.4","22.76","4841088","0.074227","0.30851","22.6525",
"BAYN.DE","2005-01-17","22.32","22.89","22.32","22.64","8811350","0.31547","1.43","22.5425",
"BAYN.DE","2005-01-14","21.76","22.16","21.76","22.09","3961032","0.33402","1.52","21.9425",
"BAYN.DE","2005-01-13","21.9","22.06","21.83","21.89","4331857","-0.009278","-0.0456621","21.92",
"BAYN.DE","2005-01-12","22.13","22.34","21.78","21.81","5902150","-0.31546","-1.45","22.015",
"BAYN.DE","2005-01-11","22.41","22.6","22.13","22.18","5784761","-0.23196","-1.03","22.33",
"BAYN.DE","2005-01-10","22.13","22.41","22.1","22.39","4587556","0.25979","1.17","22.2575",
"BAYN.DE","2005-01-07","22.37","22.44","22.18","22.31","4903796","-0.055672","-0.26822","22.325",
"BAYN.DE","2005-01-06","22.33","22.5","22.14","22.38","4877933","0.046393","0.22391","22.3375",
"BAYN.DE","2005-01-05","22.77","22.82","22.28","22.37","7621041","-0.39897","-1.76","22.56",
"BAYN.DE","2005-01-04","23.19","23.23","22.79","22.95","4647047","-0.23196","-1.03","23.04",
"BAYN.DE","2005-01-03","23.31","23.46","23.2","23.29","3460661","-0.018557","-0.08580009","23.315",
"BAYN.DE","2004-12-31","24.54","24.54","24.54","24.54","0","0","0","24.54",
"BAYN.DE","2004-12-30","23.15","23.15","22.96","23.14","1311155","-0.009278","-0.04319654","23.1",
"BAYN.DE","2004-12-29","23.31","23.31","23.04","23.09","1767339","-0.2134","-0.9438","23.1875",
"BAYN.DE","2004-12-28","23.37","23.37","23.08","23.21","1878487","-0.15773","-0.68464","23.2575",
"BAYN.DE","2004-12-27","23.51","23.51","23.16","23.21","1881918","-0.30619","-1.28","23.3475",
"BAYN.DE","2004-12-24","24.85","24.85","24.85","24.85","0","0","0","24.85",
"BAYN.DE","2004-12-23","23.38","23.55","23.23","23.43","2110569","0.046391","0.21386","23.3975",
"BAYN.DE","2004-12-22","23.44","23.48","23.25","23.46","3190869","0.027836","0.08532423","23.4075",
"BAYN.DE","2004-12-21","23.06","23.34","22.96","23.34","3533348","0.27835","1.21","23.175",
"BAYN.DE","2004-12-20","23.15","23.45","23.15","23.38","3015668","0.23196","0.99352","23.2825",
"BAYN.DE","2004-12-17","23.62","23.69","23.01","23.15","12881337","-0.4732","-1.99","23.3675",
"BAYN.DE","2004-12-16","23.45","23.65","23.34","23.6","4337615","0.15773","0.63966","23.51",
"BAYN.DE","2004-12-15","23.38","23.66","23.34","23.47","5618484","0.092782","0.38494","23.4625",
"BAYN.DE","2004-12-14","23.1","23.33","23.03","23.3","5356904","0.19485","0.8658","23.19",
"BAYN.DE","2004-12-13","22.73","22.98","22.6","22.98","4333389","0.25052","1.1","22.8225",
"BAYN.DE","2004-12-10","22.64","22.67","22.36","22.61","2877765","-0.027835","-0.13251","22.57",
"BAYN.DE","2004-12-09","22.71","22.81","22.38","22.47","2880738","-0.24124","-1.06","22.5925",
"BAYN.DE","2004-12-08","22.47","22.82","22.47","22.73","3591695","0.2598","1.16","22.6225",
"BAYN.DE","2004-12-07","22.79","22.82","22.66","22.71","3150649","-0.074226","-0.35103","22.745",
"BAYN.DE","2004-12-06","22.56","22.78","22.45","22.71","2360387","0.15773","0.66489","22.625",
"BAYN.DE","2004-12-03","22.73","22.82","22.41","22.63","3323511","-0.10206","-0.43995","22.6475",
"BAYN.DE","2004-12-02","22.82","22.84","22.55","22.77","3956977","-0.055669","-0.21911","22.745",
"BAYN.DE","2004-12-01","22.05","22.69","22.03","22.64","4373900","0.59381","2.68","22.3525",
"BAYN.DE","2004-11-30","22.37","22.56","22.07","22.12","4698410","-0.25052","-1.12","22.28",
"BAYN.DE","2004-11-29","22.5","22.81","22.13","22.22","5246308","-0.27835","-1.24","22.415",
"BAYN.DE","2004-11-26","22.41","22.46","22.21","22.37","2000873","-0.037113","-0.17849","22.3625",
"BAYN.DE","2004-11-25","22.38","22.49","22.18","22.47","6018735","0.092781","0.40214","22.38",
"BAYN.DE","2004-11-24","22.13","22.26","21.92","21.96","2804295","-0.16701","-0.76819","22.0675",
"BAYN.DE","2004-11-23","22.19","22.25","21.92","22.04","5733128","-0.15773","-0.67598","22.1",
"BAYN.DE","2004-11-22","22.18","22.31","21.98","22.22","3599679","0.046392","0.18034","22.1725",
"BAYN.DE","2004-11-19","22.69","22.88","22.31","22.32","4772021","-0.36186","-1.63","22.55",
"BAYN.DE","2004-11-18","22.55","22.93","22.55","22.66","5735794","0.11134","0.4878","22.6725",
"BAYN.DE","2004-11-17","22.29","22.73","22.18","22.55","5798136","0.25979","1.17","22.4375",
"BAYN.DE","2004-11-16","22.36","22.42","22.11","22.15","2948857","-0.2134","-0.93918","22.26",
"BAYN.DE","2004-11-15","22.57","22.59","22.23","22.28","3523092","-0.29691","-1.28","22.4175",
"BAYN.DE","2004-11-12","22.36","22.6","22.21","22.31","5859194","-0.046393","-0.22361","22.37",
"BAYN.DE","2004-11-11","21.54","22.34","21.52","22.2","7233358","0.66804","3.06","21.9",
"BAYN.DE","2004-11-10","21.6","21.71","21.53","21.58","2762761","-0.018557","-0.09259259","21.605",
"BAYN.DE","2004-11-09","21.64","21.64","21.41","21.46","2283033","-0.17629","-0.83179","21.5375",
"BAYN.DE","2004-11-08","21.52","21.64","21.43","21.48","2061220","-0.037114","-0.18587","21.5175",
"BAYN.DE","2004-11-05","21.51","21.79","21.43","21.54","5183423","0.037112","0.13947","21.5675",
"BAYN.DE","2004-11-04","21.27","21.41","21.09","21.37","3080821","0.10206","0.47015","21.285",
"BAYN.DE","2004-11-03","21.44","21.48","21.15","21.28","3905167","-0.15773","-0.74627","21.3375",
"BAYN.DE","2004-11-02","20.99","21.27","20.76","21.2","3979230","0.2134","1","21.055",
"BAYN.DE","2004-11-01","20.64","20.92","20.6","20.91","2235553","0.26907","1.31","20.7675",
"BAYN.DE","2004-10-29","20.76","20.9","20.52","20.61","3879089","-0.14846","-0.72254","20.6975",
"BAYN.DE","2004-10-28","20.58","20.77","20.5","20.69","4436015","0.11134","0.5345","20.635",
"BAYN.DE","2004-10-27","20.28","20.45","20.03","20.42","3933914","0.13917","0.69034","20.295",
"BAYN.DE","2004-10-26","20.25","20.29","19.99","20.17","3445907","-0.074227","-0.39506","20.175",
"BAYN.DE","2004-10-25","20.37","20.58","20.09","20.25","5259029","-0.11134","-0.5891","20.3225",
"BAYN.DE","2004-10-22","20.69","21.02","20.61","20.82","3776656","0.1299","0.62832","20.785",
"BAYN.DE","2004-10-21","20.63","20.74","20.41","20.66","2231851","0.037113","0.14542","20.61",
"BAYN.DE","2004-10-20","20.43","20.59","20.38","20.51","3207482","0.083507","0.39158","20.4775",
"BAYN.DE","2004-10-19","20.74","20.97","20.69","20.77","4324510","0.037113","0.14465","20.7925",
"BAYN.DE","2004-10-18","20.41","20.56","20.38","20.51","2592231","0.092783","0.48996","20.465",
"BAYN.DE","2004-10-15","20.51","20.55","20.24","20.44","4352229","-0.064947","-0.3413","20.435",
"BAYN.DE","2004-10-14","20.69","20.8","20.39","20.58","5902577","-0.11134","-0.53166","20.615",
"BAYN.DE","2004-10-13","20.96","21.17","20.82","20.92","4558536","-0.037115","-0.19084","20.9675",
"BAYN.DE","2004-10-12","20.94","21.02","20.6","20.78","3798282","-0.15773","-0.76409","20.835",
"BAYN.DE","2004-10-11","20.99","21.28","20.89","21","2545267","0.009276","0.04764173","21.04",
"BAYN.DE","2004-10-08","21.27","21.48","21.01","21.11","4583277","-0.15773","-0.75223","21.2175",
"BAYN.DE","2004-10-07","21.57","21.59","21.27","21.35","3601410","-0.22268","-1.02","21.445",
"BAYN.DE","2004-10-06","21.53","21.53","21.23","21.49","3325450","-0.037115","-0.18579","21.445",
"BAYN.DE","2004-10-05","21.28","21.66","21.21","21.46","5291922","0.17629","0.84586","21.4025",
"BAYN.DE","2004-10-04","21.28","21.46","21.18","21.23","5062448","-0.046393","-0.23496","21.2875",
"BAYN.DE","2004-10-01","20.55","21.11","20.54","21.09","6038473","0.53815","2.63","20.8225",
"BAYN.DE","2004-09-30","20.76","20.77","20.35","20.43","4712540","-0.32474","-1.59","20.5775",
"BAYN.DE","2004-09-29","20.41","20.84","20.38","20.62","6771394","0.20412","1.03","20.5625",
"BAYN.DE","2004-09-28","20.12","20.41","20.11","20.33","3299694","0.2134","1.04","20.2425",
"BAYN.DE","2004-09-27","20.28","20.28","19.97","20.15","2871020","-0.1299","-0.64103","20.17",
"BAYN.DE","2004-09-24","20.13","20.44","20.13","20.29","3651906","0.15773","0.79483","20.2475",
"BAYN.DE","2004-09-23","20.35","20.35","20.04","20.19","4463719","-0.15773","-0.78624","20.2325",
"BAYN.DE","2004-09-22","20.41","20.61","20.22","20.35","3581069","-0.064949","-0.29397","20.3975",
"BAYN.DE","2004-09-21","20.25","20.52","20.2","20.52","3924416","0.27835","1.33","20.3725",
"BAYN.DE","2004-09-20","20.37","20.53","20.14","20.22","3750622","-0.14845","-0.73638","20.315",
"BAYN.DE","2004-09-17","20.26","20.37","20.15","20.37","9052631","0.10206","0.54294","20.2875",
"BAYN.DE","2004-09-16","20.28","20.37","20.11","20.18","3972933","-0.10206","-0.4931","20.235",
"BAYN.DE","2004-09-15","20.34","20.36","20.12","20.22","3178919","-0.12062","-0.58997","20.26",
"BAYN.DE","2004-09-14","20.17","20.38","20.13","20.27","4319941","0.10206","0.49579","20.2375",
"BAYN.DE","2004-09-13","20.04","20.39","19.99","20.12","7238953","0.083507","0.3992","20.135",
"BAYN.DE","2004-09-10","19.47","19.62","19.34","19.54","3122817","0.074226","0.35953","19.4925",
"BAYN.DE","2004-09-09","19.49","19.57","19.35","19.41","2906059","-0.083505","-0.41047","19.455",
"BAYN.DE","2004-09-08","19.71","19.84","19.5","19.64","3354716","-0.064949","-0.35515","19.6725",
"BAYN.DE","2004-09-07","19.81","19.93","19.62","19.75","2741345","-0.05567","-0.30288","19.7775",
"BAYN.DE","2004-09-06","19.56","19.84","19.53","19.77","2883218","0.2134","1.07","19.675",
"BAYN.DE","2004-09-03","19.44","19.65","19.27","19.48","4346018","0.046391","0.20576","19.46",
"BAYN.DE","2004-09-02","19.34","19.45","19.02","19.38","4713010","0.046391","0.20683","19.2975",
"BAYN.DE","2004-09-01","19.62","19.65","19.16","19.45","5771955","-0.17629","-0.86646","19.47",
"BAYN.DE","2004-08-31","19.72","19.83","19.31","19.46","6593676","-0.2598","-1.32","19.58",
"BAYN.DE","2004-08-30","19.99","20.11","19.74","19.97","2651104","-0.018557","-0.10005","19.9525",
"BAYN.DE","2004-08-27","19.76","20.02","19.7","19.97","3654325","0.20413","1.06","19.8625",
"BAYN.DE","2004-08-26","19.74","19.86","19.61","19.76","3359625","0.018555","0.10132","19.7425",
"BAYN.DE","2004-08-25","19.67","19.7","19.45","19.49","3396392","-0.17629","-0.9151","19.5775",
"BAYN.DE","2004-08-24","19.56","19.65","19.48","19.56","2326428","0","0","19.5625",
"BAYN.DE","2004-08-23","19.42","19.66","19.42","19.56","2634152","0.13918","0.72091","19.515",
"BAYN.DE","2004-08-20","19.17","19.29","19.02","19.27","3025667","0.10206","0.52165","19.1875",
"BAYN.DE","2004-08-19","19.1","19.35","19","19.19","4792665","0.083506","0.4712","19.16",
"BAYN.DE","2004-08-18","18.72","19","18.64","18.96","3587252","0.23196","1.28","18.83",
"BAYN.DE","2004-08-17","18.61","18.84","18.51","18.71","3419761","0.092785","0.53735","18.6675",
"BAYN.DE","2004-08-16","18.32","18.8","18.31","18.71","3702300","0.38969","2.13","18.535",
"BAYN.DE","2004-08-13","18.7","18.91","18.31","18.43","5600844","-0.26907","-1.44","18.5875",
"BAYN.DE","2004-08-12","19.19","19.29","18.61","18.9","4278494","-0.28763","-1.51","18.9975",
"BAYN.DE","2004-08-11","19.47","19.58","18.9","19.21","3758261","-0.25979","-1.34","19.29",
"BAYN.DE","2004-08-10","19.55","19.61","19.09","19.48","3231935","-0.064948","-0.35806","19.4325",
"BAYN.DE","2004-08-09","19.65","19.77","19.32","19.48","3581165","-0.16701","-0.86514","19.555",
"BAYN.DE","2004-08-06","20.01","20.05","19.54","19.73","4835325","-0.28763","-1.4","19.8325",
"BAYN.DE","2004-08-05","20.55","20.55","20.19","20.26","2787418","-0.28763","-1.41","20.3875",
"BAYN.DE","2004-08-04","20.27","20.51","20.26","20.38","2495107","0.11134","0.54267","20.355",
"BAYN.DE","2004-08-03","20.43","20.59","20.37","20.51","2487039","0.074227","0.39158","20.475",
"BAYN.DE","2004-08-02","20.42","20.51","20.2","20.4","2232477","-0.018557","-0.09794319","20.3825",
"BAYN.DE","2004-07-30","20.36","20.74","20.29","20.58","5311725","0.22268","1.08","20.4925",
"BAYN.DE","2004-07-29","19.81","20.33","19.78","20.24","5245884","0.4268","2.17","20.04",
"BAYN.DE","2004-07-28","20.01","20.07","19.68","19.74","2970849","-0.26907","-1.35","19.875",
"BAYN.DE","2004-07-27","19.77","19.96","19.69","19.82","2716004","0.046394","0.25291","19.81",
"BAYN.DE","2004-07-26","19.9","19.97","19.72","19.74","3196108","-0.15773","-0.80402","19.8325",
"BAYN.DE","2004-07-23","20.13","20.18","19.88","19.99","2311175","-0.13918","-0.69548","20.045",
"BAYN.DE","2004-07-22","20.55","20.55","20.03","20.14","3815864","-0.40825","-2","20.3175",
"BAYN.DE","2004-07-21","20.77","20.78","20.53","20.72","3605137","-0.055669","-0.24073","20.7",
"BAYN.DE","2004-07-20","20.21","20.64","20.07","20.5","4725347","0.28763","1.43","20.355",
"BAYN.DE","2004-07-19","20.52","20.58","19.88","20.32","6887254","-0.20412","-0.97466","20.325",
"BAYN.DE","2004-07-16","20.64","20.97","20.51","20.64","6927448","0","0","20.69",
"BAYN.DE","2004-07-15","20.92","21.03","20.68","20.68","3252812","-0.24123","-1.15","20.8275",
"BAYN.DE","2004-07-14","20.83","21.05","20.7","20.97","2971395","0.13917","0.67211","20.8875",
"BAYN.DE","2004-07-13","21.05","21.18","20.97","20.97","2263014","-0.083506","-0.38005","21.0425",
"BAYN.DE","2004-07-12","21.06","21.33","20.98","21.02","2202701","-0.046393","-0.18993","21.0975",
"BAYN.DE","2004-07-09","21.23","21.61","21.17","21.26","3867388","0.027836","0.14131","21.3175",
"BAYN.DE","2004-07-08","21.15","21.39","21.03","21.32","2890942","0.17629","0.80378","21.2225",
"BAYN.DE","2004-07-07","21.34","21.54","21.19","21.21","3645284","-0.1299","-0.60918","21.32",
"BAYN.DE","2004-07-06","21.68","21.68","21.3","21.38","3003419","-0.30619","-1.38","21.51",
"BAYN.DE","2004-07-05","21.66","21.8","21.59","21.59","1205809","-0.064949","-0.32318","21.66",
"BAYN.DE","2004-07-02","21.85","21.94","21.69","21.73","2983557","-0.12062","-0.5492","21.8025",
"BAYN.DE","2004-07-01","22.18","22.27","21.86","21.97","4337416","-0.20412","-0.9468","22.07",
"BAYN.DE","2004-06-30","22.03","22.14","21.9","21.99","3057120","-0.037113","-0.18157","22.015",
"BAYN.DE","2004-06-29","21.9","22.01","21.75","21.93","3121585","0.037112","0.13699","21.8975",
"BAYN.DE","2004-06-28","21.85","22.15","21.69","21.9","4104775","0.046393","0.22883","21.8975",
"BAYN.DE","2004-06-25","21.79","21.79","21.53","21.73","2454717","-0.064948","-0.27536","21.71",
"BAYN.DE","2004-06-24","21.25","21.82","21.25","21.73","6372659","0.48248","2.26","21.5125",
"BAYN.DE","2004-06-23","21.1","21.18","20.9","20.97","2483046","-0.1299","-0.61611","21.0375",
"BAYN.DE","2004-06-22","21.24","21.32","20.83","20.96","2734806","-0.27835","-1.32","21.0875",
"BAYN.DE","2004-06-21","21.42","21.46","21.13","21.27","3093557","-0.15773","-0.70028","21.32",
"BAYN.DE","2004-06-18","21.31","21.38","21.02","21.22","6512288","-0.092782","-0.42234","21.2325",
"BAYN.DE","2004-06-17","21.28","21.48","21.12","21.24","2554541","-0.037114","-0.18797","21.28",
"BAYN.DE","2004-06-16","21.2","21.42","21.15","21.37","3329113","0.16701","0.80189","21.285",
"BAYN.DE","2004-06-15","20.97","21.31","20.89","21.31","3575013","0.3433","1.62","21.12",
"BAYN.DE","2004-06-14","21.59","21.59","20.91","20.92","4615016","-0.66804","-3.1","21.2525",
"BAYN.DE","2004-06-11","21.5","21.66","21.22","21.57","2036042","0.074226","0.32558","21.4875",
"BAYN.DE","2004-06-10","21.28","21.66","21.2","21.45","2535330","0.16701","0.79887","21.3975",
"BAYN.DE","2004-06-09","21.81","21.9","21.29","21.34","5117912","-0.4732","-2.15","21.585",
"BAYN.DE","2004-06-08","22.04","22.04","21.52","21.84","5380931","-0.19484","-0.90744","21.86",
"BAYN.DE","2004-06-07","22.27","22.31","21.67","21.98","5449610","-0.28763","-1.3","22.0575",
"BAYN.DE","2004-06-04","21.98","22.08","21.82","22.03","5259625","0.046391","0.22748","21.9775",
"BAYN.DE","2004-06-03","21.99","22.27","21.9","22.04","5162448","0.046391","0.22738","22.05",
"BAYN.DE","2004-06-02","21.77","22.07","21.71","21.96","5166483","0.19485","0.87276","21.8775",
"BAYN.DE","2004-06-01","21.67","21.77","21.3","21.52","3144066","-0.15773","-0.6922","21.565",
"BAYN.DE","2004-05-31","21.78","21.83","21.67","21.71","631950","-0.064947","-0.3214","21.7475",
"BAYN.DE","2004-05-28","22","22.07","21.57","21.66","3783030","-0.33402","-1.55","21.825",
"BAYN.DE","2004-05-27","21.36","22.02","21.34","21.91","7118077","0.54742","2.57","21.6575",
"BAYN.DE","2004-05-26","21.13","21.41","21.03","21.29","4554174","0.16701","0.75722","21.215",
"BAYN.DE","2004-05-25","20.81","20.95","20.59","20.76","3476416","-0.055669","-0.24027","20.7775",
"BAYN.DE","2004-05-24","20.79","21.29","20.73","21.06","4172309","0.26907","1.3","20.9675",
"BAYN.DE","2004-05-21","20.94","21","20.51","20.67","4279611","-0.26907","-1.29","20.78",
"BAYN.DE","2004-05-20","21.06","21.06","20.77","20.91","2753181","-0.14845","-0.71225","20.95",
"BAYN.DE","2004-05-19","20.8","21.35","20.78","21.29","9038535","0.49175","2.36","21.055",
"BAYN.DE","2004-05-18","20.18","20.64","20.1","20.47","7269895","0.28763","1.44","20.3475",
"BAYN.DE","2004-05-17","19.82","19.88","19.61","19.79","4605893","-0.027836","-0.15136","19.775",
"BAYN.DE","2004-05-14","19.93","20.4","19.9","20.18","5546191","0.25052","1.25","20.1025",
"BAYN.DE","2004-05-13","19.82","20.18","19.76","20.06","5501457","0.24124","1.21","19.955",
"BAYN.DE","2004-05-12","19.51","19.99","19.36","19.58","5445323","0.064948","0.35879","19.61",
"BAYN.DE","2004-05-11","19.6","19.76","19.22","19.55","5208775","-0.046393","-0.2551","19.5325",
"BAYN.DE","2004-05-10","19.77","20.01","19.21","19.53","8057384","-0.24124","-1.21","19.63",
"BAYN.DE","2004-05-07","20.29","20.76","20.18","20.24","5774660","-0.055672","-0.24643","20.3675",
"BAYN.DE","2004-05-06","20.69","20.81","20.26","20.28","5190376","-0.40825","-1.98","20.51",
"BAYN.DE","2004-05-05","20.08","20.88","20.04","20.81","4969194","0.73299","3.64","20.4525",
"BAYN.DE","2004-05-04","20.51","20.77","20.1","20.27","5146990","-0.23196","-1.17","20.4125",
"BAYN.DE","2004-05-03","20.34","20.63","20.22","20.6","3927004","0.2598","1.28","20.4475",
"BAYN.DE","2004-04-30","21.06","21.18","20.78","21.09","5976802","0.027834","0.14245","21.0275",
"BAYN.DE","2004-04-29","21.24","21.43","20.91","21.07","10824987","-0.16701","-0.80038","21.1625",
"BAYN.DE","2004-04-28","21.1","21.32","20.57","20.63","6971831","-0.4732","-2.23","20.905",
"BAYN.DE","2004-04-27","20.88","21.25","20.8","21","7608779","0.12062","0.57471","20.9825",
"BAYN.DE","2004-04-26","20.38","20.81","20.36","20.7","4891869","0.32474","1.57","20.5625",
"BAYN.DE","2004-04-23","20.19","20.45","20.04","20.38","4351625","0.18557","0.94106","20.265",
"BAYN.DE","2004-04-22","19.86","19.97","19.61","19.97","4159930","0.11134","0.55388","19.8525",
"BAYN.DE","2004-04-21","19.97","20.12","19.72","19.98","3892366","0.009279","0.05007511","19.9475",
"BAYN.DE","2004-04-20","20.23","20.3","19.99","20.17","3061183","-0.05567","-0.29659","20.1725",
"BAYN.DE","2004-04-19","20.06","20.21","19.9","20.18","2326607","0.12062","0.59821","20.0875",
"BAYN.DE","2004-04-16","19.92","20.29","19.88","20.13","4697678","0.2134","1.05","20.055",
"BAYN.DE","2004-04-15","19.88","20.01","19.75","19.99","4203810","0.10206","0.55332","19.9075",
"BAYN.DE","2004-04-14","19.9","19.98","19.5","19.98","4967779","0.074227","0.40201","19.84",
"BAYN.DE","2004-04-13","19.81","20.3","19.73","20.09","4990480","0.27835","1.41","19.9825",
"BAYN.DE","2004-04-12","20.73","20.73","20.73","20.73","0","0","0","20.73",
"BAYN.DE","2004-04-09","20.73","20.73","20.73","20.73","0","0","0","20.73",
"BAYN.DE","2004-04-08","19.73","20","19.5","19.55","3105751","-0.17629","-0.91232","19.695",
"BAYN.DE","2004-04-07","19.54","20.09","19.54","19.76","5025325","0.22268","1.13","19.7325",
"BAYN.DE","2004-04-06","19.69","19.86","19.55","19.61","5920930","-0.074227","-0.4063","19.6775",
"BAYN.DE","2004-04-05","19.35","19.65","19.1","19.43","4466972","0.083506","0.41344","19.3825",
"BAYN.DE","2004-04-02","18.59","19.28","18.55","19.16","5001428","0.56598","3.07","18.895",
"BAYN.DE","2004-04-01","18.51","18.7","18.28","18.63","4688890","0.12062","0.6483","18.53",
"BAYN.DE","2004-03-31","18.78","18.9","18.18","18.38","7502140","-0.39897","-2.13","18.56",
"BAYN.DE","2004-03-30","18.93","18.94","18.47","18.74","4256928","-0.18557","-1","18.77",
"BAYN.DE","2004-03-29","18.83","19.04","18.58","18.94","3581286","0.11134","0.58417","18.8475",
"BAYN.DE","2004-03-26","18.71","18.84","18.54","18.71","3584698","-0.009278","0","18.7",
"BAYN.DE","2004-03-25","18.39","18.68","18.35","18.47","5081452","0.083505","0.43502","18.4725",
"BAYN.DE","2004-03-24","18.31","18.48","17.85","18.12","5648661","-0.18557","-1.04","18.19",
"BAYN.DE","2004-03-23","18.17","18.69","18.15","18.3","6817044","0.1299","0.71547","18.3275",
"BAYN.DE","2004-03-22","18.37","18.37","17.65","18.08","9494878","-0.28763","-1.58","18.1175",
"BAYN.DE","2004-03-19","19.05","19.11","18.42","18.55","14005003","-0.50103","-2.62","18.7825",
"BAYN.DE","2004-03-18","19.68","19.71","18.72","18.93","10087314","-0.75155","-3.81","19.26",
"BAYN.DE","2004-03-17","19.55","19.97","19.44","19.92","6856442","0.37113","1.89","19.72",
"BAYN.DE","2004-03-16","19.33","19.49","18.79","19.44","7292486","0.11134","0.56906","19.2625",
"BAYN.DE","2004-03-15","19.9","19.99","19.3","19.43","6005722","-0.4732","-2.36","19.655",
"BAYN.DE","2004-03-12","19.74","20.2","18.9","20.13","7987821","0.38969","1.98","19.7425",
"BAYN.DE","2004-03-11","20.88","21.03","19.95","20.23","12179816","-0.64949","-3.11","20.5225",
"BAYN.DE","2004-03-10","21.64","21.87","21.29","21.51","3461388","-0.1299","-0.60074","21.5775",
"BAYN.DE","2004-03-09","21.87","22.11","21.69","21.74","3699756","-0.1299","-0.59442","21.8525",
"BAYN.DE","2004-03-08","21.89","22.06","21.63","21.92","2364811","0.037112","0.13705","21.875",
"BAYN.DE","2004-03-05","21.88","22","21.29","21.79","3917584","-0.092783","-0.41133","21.74",
"BAYN.DE","2004-03-04","21.84","21.95","21.66","21.92","2453564","0.083503","0.3663","21.8425",
"BAYN.DE","2004-03-03","21.62","21.92","21.6","21.79","3524308","0.16701","0.78631","21.7325",
"BAYN.DE","2004-03-02","21.69","21.9","21.54","21.76","3575480","0.064951","0.32273","21.7225",
"BAYN.DE","2004-03-01","21.39","21.73","21.27","21.59","3845269","0.20413","0.93502","21.495",
"BAYN.DE","2004-02-27","21.05","21.44","20.85","21.15","4428478","0.10206","0.47506","21.1225",
"BAYN.DE","2004-02-26","20.9","21.17","20.79","21.02","2650759","0.11134","0.57416","20.97",
"BAYN.DE","2004-02-25","20.88","21.12","20.76","20.94","2689962","0.064948","0.28736","20.925",
"BAYN.DE","2004-02-24","21.38","21.42","20.6","20.92","5053681","-0.45464","-2.15","21.08",
"BAYN.DE","2004-02-23","21.29","21.66","21.15","21.35","3039910","0.055669","0.28182","21.3625",
"BAYN.DE","2004-02-20","21.71","21.73","20.95","21.18","7076933","-0.52887","-2.44","21.3925",
"BAYN.DE","2004-02-19","21.71","22.04","21.67","21.8","4005405","0.092783","0.41456","21.805",
"BAYN.DE","2004-02-18","21.99","22","21.41","21.69","3347614","-0.29691","-1.36","21.7725",
"BAYN.DE","2004-02-17","21.7","21.97","21.54","21.93","2715714","0.23196","1.06","21.785",
"BAYN.DE","2004-02-16","21.61","21.75","21.42","21.75","2227580","0.13917","0.64785","21.6325",
"BAYN.DE","2004-02-13","22.16","22.2","21.57","21.76","3634239","-0.39897","-1.81","21.9225",
"BAYN.DE","2004-02-12","22.26","22.44","21.85","22.19","3696526","-0.064949","-0.31447","22.185",
"BAYN.DE","2004-02-11","22.08","22.26","22.03","22.26","3142827","0.17629","0.81522","22.1575",
"BAYN.DE","2004-02-10","21.89","22.19","21.81","22.1","2416461","0.2134","0.95934","21.9975",
"BAYN.DE","2004-02-09","21.75","22.18","21.72","21.91","3333897","0.15773","0.73563","21.89",
"BAYN.DE","2004-02-06","21.71","21.91","21.34","21.58","3429603","-0.1299","-0.5988","21.635",
"BAYN.DE","2004-02-05","21.85","22.03","21.61","21.8","2951965","-0.046391","-0.22883","21.8225",
"BAYN.DE","2004-02-04","21.78","22.03","21.21","21.98","10784474","0.20413","0.91827","21.75",
"BAYN.DE","2004-02-03","22.73","22.89","22","22.39","5723128","-0.3433","-1.5","22.5025",
"BAYN.DE","2004-02-02","22.82","23","22.47","22.56","2214037","-0.25052","-1.14","22.7125",
"BAYN.DE","2004-01-30","22.71","23.06","22.46","22.62","3646541","-0.092784","-0.3963","22.7125",
"BAYN.DE","2004-01-29","22.82","23.02","22.53","22.57","4027516","-0.25052","-1.1","22.735",
"BAYN.DE","2004-01-28","22.46","23.24","22.4","22.99","4249117","0.52887","2.36","22.7725",
"BAYN.DE","2004-01-27","22.56","23.01","22.46","22.51","4676754","-0.05567","-0.22163","22.635",
"BAYN.DE","2004-01-26","22.58","22.86","22.19","22.38","3793372","-0.20412","-0.88574","22.5025",
"BAYN.DE","2004-01-23","22.74","22.86","22.52","22.72","4330512","-0.018557","-0.08795075","22.71",
"BAYN.DE","2004-01-22","23.29","23.29","22.6","22.8","5272217","-0.49175","-2.1","22.995",
"BAYN.DE","2004-01-21","23.64","23.77","22.95","23.25","4940650","-0.38969","-1.65","23.4025",
"BAYN.DE","2004-01-20","23.45","23.96","23.43","23.56","3748918","0.11134","0.46908","23.6",
"BAYN.DE","2004-01-19","22.92","23.61","22.92","23.49","3678475","0.57526","2.49","23.235",
"BAYN.DE","2004-01-16","23.01","23.09","22.69","23.05","4148840","0.037114","0.17384","22.96",
"BAYN.DE","2004-01-15","22.73","22.98","22.48","22.94","4078125","0.20412","0.92389","22.7825",
"BAYN.DE","2004-01-14","22.59","23","22.45","22.75","3284710","0.15773","0.70828","22.6975",
"BAYN.DE","2004-01-13","22.74","22.95","22.62","22.63","2617854","-0.11134","-0.48373","22.735",
"BAYN.DE","2004-01-12","22.41","23.07","22.41","22.65","4930921","0.24124","1.07","22.635",
"BAYN.DE","2004-01-09","22.92","22.95","22.48","22.55","3585407","-0.37114","-1.61","22.725",
"BAYN.DE","2004-01-08","22.42","22.82","22.32","22.69","6173198","0.26907","1.2","22.5625",
"BAYN.DE","2004-01-07","22.39","22.63","22.03","22.08","4052011","-0.30619","-1.38","22.2825",
"BAYN.DE","2004-01-06","22.33","22.42","21.96","22.32","3512937","-0.00928","-0.0447828","22.2575",
"BAYN.DE","2004-01-05","21.99","22.31","21.89","22.22","2998715","0.23196","1.05","22.1025",
"BAYN.DE","2004-01-02","21.66","22.11","21.61","22.03","2891819","0.37113","1.71","21.8525",
"BAYN.DE","2004-01-01","22.85","22.85","22.85","22.85","0","0","0","22.85",
"BAYN.DE","2003-12-31","22.85","22.85","22.85","22.85","0","0","0","22.85",
"BAYN.DE","2003-12-30","21.71","21.89","21.54","21.54","1669351","-0.16701","-0.78305","21.67",
"BAYN.DE","2003-12-29","21.41","21.53","21.25","21.53","1625876","0.11134","0.56049","21.43",
"BAYN.DE","2003-12-26","22.63","22.63","22.63","22.63","0","0","0","22.63",
"BAYN.DE","2003-12-25","22.63","22.63","22.63","22.63","0","0","0","22.63",
"BAYN.DE","2003-12-24","22.63","22.63","22.63","22.63","0","0","0","22.63",
"BAYN.DE","2003-12-23","21.39","21.39","21.18","21.34","1554905","-0.04639","-0.23375","21.325",
"BAYN.DE","2003-12-22","21.15","21.46","21.09","21.15","2492455","0","0","21.2125",
"BAYN.DE","2003-12-19","21.35","21.5","21.12","21.34","7999741","-0.009278","-0.04683841","21.3275",
"BAYN.DE","2003-12-18","20.88","21.33","20.68","21.33","4135145","0.45464","2.16","21.055",
"BAYN.DE","2003-12-17","20.76","21.34","20.76","20.95","4600979","0.18557","0.91522","20.9525",
"BAYN.DE","2003-12-16","20.69","20.97","20.61","20.74","3139912","0.046392","0.24166","20.7525",
"BAYN.DE","2003-12-15","20.94","21.06","20.41","20.77","7405871","-0.16701","-0.81184","20.795",
"BAYN.DE","2003-12-12","20.64","20.88","20.45","20.65","4342153","0.009278","0.04844961","20.655",
"BAYN.DE","2003-12-11","20.74","20.83","20.25","20.52","5463457","-0.2134","-1.06","20.585",
"BAYN.DE","2003-12-10","20.92","21.02","20.44","20.67","4846057","-0.25051","-1.2","20.7625",
"BAYN.DE","2003-12-09","21.29","21.31","20.78","20.98","5150358","-0.31546","-1.46","21.09",
"BAYN.DE","2003-12-08","21.22","21.22","20.51","21.04","3994398","-0.17629","-0.84826","20.9975",
"BAYN.DE","2003-12-05","21.53","21.7","21","21.24","4132174","-0.28763","-1.35","21.3675",
"BAYN.DE","2003-12-04","21.9","21.95","21.34","21.66","4558760","-0.23196","-1.1","21.7125",
"BAYN.DE","2003-12-03","21.23","21.91","21.2","21.88","4700186","0.64949","3.06","21.555",
"BAYN.DE","2003-12-02","21.55","21.8","21.3","21.31","4178293","-0.24124","-1.11","21.49",
"BAYN.DE","2003-12-01","21.15","21.61","21.05","21.47","5482973","0.31546","1.51","21.32",
"BAYN.DE","2003-11-28","21.14","21.19","20.52","20.91","3707718","-0.22268","-1.09","20.94",
"BAYN.DE","2003-11-27","20.97","21.18","20.89","21.07","2108681","0.10206","0.47687","21.0275",
"BAYN.DE","2003-11-26","20.77","21.4","20.64","20.77","4307512","0","0","20.895",
"BAYN.DE","2003-11-25","20.95","21.15","20.69","20.84","3289782","-0.11134","-0.52506","20.9075",
"BAYN.DE","2003-11-24","20.31","21.06","20.23","20.94","3869541","0.63093","3.1","20.635",
"BAYN.DE","2003-11-21","20.23","20.46","20.06","20.23","4416573","0","0","20.245",
"BAYN.DE","2003-11-20","20.09","20.33","19.72","20.25","5214241","0.16701","0.79642","20.0975",
"BAYN.DE","2003-11-19","19.86","20.05","19.69","19.99","4678326","0.1299","0.65458","19.8975",
"BAYN.DE","2003-11-18","20.41","20.5","19.96","20.12","4507548","-0.29691","-1.42","20.2475",
"BAYN.DE","2003-11-17","20.41","20.48","20.04","20.27","5860063","-0.13918","-0.68594","20.3",
"BAYN.DE","2003-11-14","20.66","20.89","20.55","20.89","4542264","0.23196","1.11","20.7475",
"BAYN.DE","2003-11-13","20.88","20.96","20.33","20.74","6638840","-0.13918","-0.6705","20.7275",
"BAYN.DE","2003-11-12","21.02","21.06","20.25","20.67","7393712","-0.3433","-1.67","20.75",
"BAYN.DE","2003-11-11","20.55","21.14","20.43","21.05","7517059","0.50103","2.43","20.7925",
"BAYN.DE","2003-11-10","20.78","21.77","20.56","20.69","11853596","-0.092784","-0.43311","20.95",
"BAYN.DE","2003-11-07","20.27","21.23","20.2","20.89","26449570","0.61237","3.06","20.6475",
"BAYN.DE","2003-11-06","19.32","19.54","19","19.54","4174068","0.22268","1.14","19.35",
"BAYN.DE","2003-11-05","19.28","19.48","19.03","19.3","4378440","0.018555","0.10373","19.2725",
"BAYN.DE","2003-11-04","19.18","19.33","19.06","19.3","3585239","0.12062","0.62565","19.2175",
"BAYN.DE","2003-11-03","19.14","19.25","18.95","19.22","4211498","0.083505","0.41797","19.14",
"BAYN.DE","2003-10-31","18.88","19.22","18.73","19.18","3343212","0.29691","1.59","19.0025",
"BAYN.DE","2003-10-30","18.78","19.1","18.58","18.88","4812259","0.10206","0.53248","18.835",
"BAYN.DE","2003-10-29","18.88","18.97","18.41","18.73","4877061","-0.14845","-0.79449","18.7475",
"BAYN.DE","2003-10-28","18.32","18.64","18.24","18.56","5276323","0.23196","1.31","18.44",
"BAYN.DE","2003-10-27","17.93","18.19","17.92","18.15","3113004","0.22268","1.23","18.0475",
"BAYN.DE","2003-10-24","17.81","17.99","17.55","17.75","3969892","-0.064951","-0.33689","17.775",
"BAYN.DE","2003-10-23","17.18","17.87","17.16","17.79","4730330","0.60309","3.55","17.5",
"BAYN.DE","2003-10-22","18.13","18.2","17.51","17.53","4468816","-0.60309","-3.31","17.8425",
"BAYN.DE","2003-10-21","18.06","18.24","17.81","18.24","4131804","0.18557","0.99668","18.0875",
"BAYN.DE","2003-10-20","17.85","18.02","17.67","17.97","3687952","0.12062","0.67227","17.8775",
"BAYN.DE","2003-10-17","18.01","18.22","17.74","17.81","6347201","-0.19484","-1.11","17.945",
"BAYN.DE","2003-10-16","17.86","18.18","17.67","17.96","4603243","0.10206","0.55991","17.9175",
"BAYN.DE","2003-10-15","17.98","18.09","17.63","17.91","5704684","-0.074227","-0.38932","17.9025",
"BAYN.DE","2003-10-14","17.88","18.01","17.68","17.85","3489656","-0.027835","-0.16779","17.855",
"BAYN.DE","2003-10-13","17.44","17.88","17.41","17.81","3459130","0.36186","2.12","17.635",
"BAYN.DE","2003-10-10","17.48","17.57","17.21","17.29","4377367","-0.18557","-1.09","17.3875",
"BAYN.DE","2003-10-09","17.21","17.5","17.04","17.45","3749343","0.24124","1.39","17.3",
"BAYN.DE","2003-10-08","17.01","17.37","16.9","17.15","4395120","0.13918","0.82305","17.1075",
"BAYN.DE","2003-10-07","17.3","17.34","16.71","16.97","4848108","-0.33402","-1.91","17.08",
"BAYN.DE","2003-10-06","17.12","17.34","16.98","17.3","3814646","0.18557","1.05","17.185",
"BAYN.DE","2003-10-03","16.78","17.44","16.63","17.32","6499154","0.53815","3.22","17.0425",
"BAYN.DE","2003-10-02","17.42","17.42","16.67","16.67","6831961","-0.74227","-4.31","17.045",
"BAYN.DE","2003-10-01","17.15","17.38","16.59","17.38","8048114","0.23196","1.34","17.125",
"BAYN.DE","2003-09-30","17.56","17.56","16.7","17.21","5767484","-0.35258","-1.99","17.2575",
"BAYN.DE","2003-09-29","17.81","17.81","17.35","17.57","3647818","-0.24124","-1.35","17.635",
"BAYN.DE","2003-09-26","17.65","17.93","17.4","17.76","7279744","0.11134","0.62323","17.685",
"BAYN.DE","2003-09-25","17.35","17.67","17.24","17.53","6983838","0.17629","1.04","17.4475",
"BAYN.DE","2003-09-24","18.38","18.45","17.16","17.42","7090206","-0.96495","-5.22","17.8525",
"BAYN.DE","2003-09-23","18.54","18.78","18.13","18.33","5489904","-0.20412","-1.13","18.445",
"BAYN.DE","2003-09-22","18.93","19.18","18.51","18.54","6371670","-0.38969","-2.06","18.79",
"BAYN.DE","2003-09-19","19.48","19.58","19.12","19.12","15074122","-0.36185","-1.85","19.325",
"BAYN.DE","2003-09-18","19.37","19.56","19.03","19.35","14777287","-0.018555","-0.10325","19.3275",
"BAYN.DE","2003-09-17","18.74","18.8","18.24","18.33","3653736","-0.40825","-2.19","18.5275",
"BAYN.DE","2003-09-16","18.44","18.65","18.33","18.58","2294083","0.13917","0.75922","18.5",
"BAYN.DE","2003-09-15","18.27","18.49","18.11","18.39","2902493","0.12062","0.65681","18.315",
"BAYN.DE","2003-09-12","18.3","18.48","17.83","18.23","3879597","-0.064947","-0.38251","18.21",
"BAYN.DE","2003-09-11","18.37","18.42","18.06","18.41","3175075","0.037115","0.21775","18.315",
"BAYN.DE","2003-09-10","18.73","18.79","18.21","18.42","4348630","-0.31546","-1.66","18.5375",
"BAYN.DE","2003-09-09","18.93","18.96","18.46","18.78","4116046","-0.14845","-0.79239","18.7825",
"BAYN.DE","2003-09-08","18.46","19.02","18.46","18.89","4201643","0.42681","2.33","18.7075",
"BAYN.DE","2003-09-05","18.88","18.94","18.56","18.56","3273557","-0.32474","-1.69","18.735",
"BAYN.DE","2003-09-04","18.83","18.92","18.59","18.88","3932314","0.055669","0.26553","18.805",
"BAYN.DE","2003-09-03","18.19","18.97","18.19","18.88","6249328","0.6866","3.79","18.5575",
"BAYN.DE","2003-09-02","18.51","18.59","17.78","18.21","3691780","-0.29691","-1.62","18.2725",
"BAYN.DE","2003-09-01","18.27","18.59","18.19","18.49","2087126","0.22268","1.2","18.385",
"BAYN.DE","2003-08-29","18.57","18.6","18","18.06","3170236","-0.50103","-2.75","18.3075",
"BAYN.DE","2003-08-28","18.26","18.54","18.1","18.33","3411472","0.074227","0.38335","18.3075",
"BAYN.DE","2003-08-27","18.15","18.39","18.02","18.34","2841035","0.19485","1.05","18.225",
"BAYN.DE","2003-08-26","18.48","18.58","18.07","18.18","3011030","-0.30618","-1.62","18.3275",
"BAYN.DE","2003-08-25","18.46","18.46","18.14","18.3","2061511","-0.16701","-0.86674","18.34",
"BAYN.DE","2003-08-22","18.55","18.7","18.39","18.53","2430283","-0.018558","-0.10782","18.5425",
"BAYN.DE","2003-08-21","18.56","18.6","18.35","18.58","3385650","0.027836","0.10776","18.5225",
"BAYN.DE","2003-08-20","18.46","18.6","18.27","18.46","5795547","0","0","18.4475",
"BAYN.DE","2003-08-19","18.46","18.53","17.91","18.04","4056600","-0.4268","-2.28","18.235",
"BAYN.DE","2003-08-18","17.97","18.41","17.95","18.41","3352819","0.43608","2.45","18.185",
"BAYN.DE","2003-08-15","17.77","18.13","17.48","17.9","5433035","0.1299","0.73157","17.82",
"BAYN.DE","2003-08-14","17.58","17.81","17.26","17.81","5179968","0.22268","1.31","17.615",
"BAYN.DE","2003-08-13","18.07","18.07","17.37","17.59","6091422","-0.48248","-2.66","17.775",
"BAYN.DE","2003-08-12","17.81","18.06","17.56","17.88","3443387","0.064947","0.39304","17.8275",
"BAYN.DE","2003-08-11","17.6","17.92","17.49","17.78","2802103","0.17629","1.02","17.6975",
"BAYN.DE","2003-08-08","17.63","17.86","17.4","17.68","4519918","0.046391","0.28361","17.6425",
"BAYN.DE","2003-08-07","18.28","18.31","17.35","17.64","9793274","-0.64021","-3.5","17.895",
"BAYN.DE","2003-08-06","19.02","19.03","18.02","18.46","10573976","-0.5567","-2.94","18.6325",
"BAYN.DE","2003-08-05","19.5","19.91","19.36","19.74","4686735","0.24124","1.23","19.6275",
"BAYN.DE","2003-08-04","19.43","19.76","19.02","19.52","3560844","0.092783","0.4632","19.4325",
"BAYN.DE","2003-08-01","19.42","19.74","19.22","19.47","4317994","0.046392","0.25747","19.4625",
"BAYN.DE","2003-07-31","19.09","19.69","18.94","19.67","5980261","0.57526","3.04","19.3475",
"BAYN.DE","2003-07-30","18.46","19.17","18.43","18.92","5015013","0.45464","2.49","18.745",
"BAYN.DE","2003-07-29","18.58","18.81","18.23","18.54","3831216","-0.037113","-0.21529","18.54",
"BAYN.DE","2003-07-28","18.27","18.58","18.16","18.58","4116830","0.30618","1.7","18.3975",
"BAYN.DE","2003-07-25","18.09","18.19","17.7","17.98","3373681","-0.11134","-0.60807","17.99",
"BAYN.DE","2003-07-24","17.91","18.32","17.5","18.32","4301234","0.41753","2.29","18.0125",
"BAYN.DE","2003-07-23","18.3","18.3","17.43","17.88","5162783","-0.41753","-2.3","17.9775",
"BAYN.DE","2003-07-22","18.56","18.73","17.87","18.14","5510251","-0.41753","-2.26","18.325",
"BAYN.DE","2003-07-21","18.96","19.03","18.17","18.45","3745610","-0.50103","-2.69","18.6525",
"BAYN.DE","2003-07-18","18.48","19.06","18.39","18.72","4790805","0.24124","1.3","18.6625",
"BAYN.DE","2003-07-17","18.46","18.72","18.33","18.48","4911718","0.018556","0.10834","18.4975",
"BAYN.DE","2003-07-16","19.23","19.37","18.37","18.7","5395304","-0.53814","-2.76","18.9175",
"BAYN.DE","2003-07-15","19.2","19.36","18.77","19","4022533","-0.19485","-1.04","19.0825",
"BAYN.DE","2003-07-14","18.74","19.38","18.55","19.21","3479964","0.46392","2.51","18.97",
"BAYN.DE","2003-07-11","18.37","18.74","18.26","18.73","2750116","0.36186","1.96","18.525",
"BAYN.DE","2003-07-10","18.84","18.88","18.34","18.46","3393872","-0.37113","-2.02","18.63",
"BAYN.DE","2003-07-09","19.12","19.35","18.71","18.75","3365509","-0.37114","-1.94","18.9825",
"BAYN.DE","2003-07-08","19.39","19.72","18.89","19.21","5329961","-0.18557","-0.92831","19.3025",
"BAYN.DE","2003-07-07","18.2","19.48","18.19","19.35","5995259","1.14","6.32","18.805",
"BAYN.DE","2003-07-04","18.28","18.28","17.88","18.17","2587214","-0.11134","-0.60175","18.1525",
"BAYN.DE","2003-07-03","18.19","18.39","18.04","18.23","4876484","0.046392","0.2199","18.2125",
"BAYN.DE","2003-07-02","18.17","18.36","17.97","18.3","4599190","0.1299","0.71547","18.2",
"BAYN.DE","2003-07-01","18.56","18.67","17.75","17.97","5220077","-0.58453","-3.18","18.2375",
"BAYN.DE","2003-06-30","18.88","19.15","18.3","18.72","4763071","-0.15773","-0.84746","18.7625",
"BAYN.DE","2003-06-27","18.93","19.08","18.49","18.88","3400743","-0.046392","-0.26413","18.845",
"BAYN.DE","2003-06-26","18.46","18.91","18.41","18.88","3389620","0.41753","2.28","18.665",
"BAYN.DE","2003-06-25","18.53","18.73","18.38","18.72","3541054","0.19485","1.03","18.59",
"BAYN.DE","2003-06-24","18.56","18.71","18.16","18.4","4122702","-0.15773","-0.86207","18.4575",
"BAYN.DE","2003-06-23","18.42","18.84","18.2","18.84","4871502","0.41753","2.28","18.575",
"BAYN.DE","2003-06-20","18.55","19","18.38","18.38","13415875","-0.16701","-0.91644","18.5775",
"BAYN.DE","2003-06-19","19.15","19.27","18.5","18.79","3878415","-0.36185","-1.88","18.9275",
"BAYN.DE","2003-06-18","18.79","19.16","18.46","19.11","4269484","0.32474","1.7","18.88",
"BAYN.DE","2003-06-17","18.69","19.05","18.55","18.83","5490253","0.13918","0.74906","18.78",
"BAYN.DE","2003-06-16","17.54","18.55","17.35","18.51","4802230","0.97423","5.53","17.9875",
"BAYN.DE","2003-06-13","18.39","18.57","17.5","17.64","5338982","-0.75155","-4.08","18.025",
"BAYN.DE","2003-06-12","18.23","18.58","18.09","18.32","5021102","0.083505","0.49369","18.305",
"BAYN.DE","2003-06-11","17.63","18.22","17.42","18.02","6439238","0.38969","2.21","17.8225",
"BAYN.DE","2003-06-10","17.06","17.61","16.98","17.58","3882628","0.51959","3.05","17.3075",
"BAYN.DE","2003-06-09","17.29","17.42","17.08","17.1","2122002","-0.19485","-1.1","17.2225",
"BAYN.DE","2003-06-06","16.97","17.54","16.94","17.48","6105015","0.51031","3.01","17.2325",
"BAYN.DE","2003-06-05","17.3","17.42","16.73","16.92","6528866","-0.38041","-2.2","17.0925",
"BAYN.DE","2003-06-04","16.89","17.2","16.76","17.19","5137240","0.30619","1.78","17.01",
"BAYN.DE","2003-06-03","16.63","16.83","16.27","16.73","3713853","0.10206","0.60132","16.615",
"BAYN.DE","2003-06-02","16.42","16.92","16.39","16.88","4603019","0.45464","2.8","16.6525",
"BAYN.DE","2003-05-30","16.01","16.33","15.88","16.12","7577657","0.11134","0.68707","16.085",
"BAYN.DE","2003-05-29","15.74","16.26","15.59","15.65","4195242","-0.083504","-0.57179","15.81",
"BAYN.DE","2003-05-28","15.52","15.99","15.49","15.82","7048839","0.29691","1.93","15.705",
"BAYN.DE","2003-05-27","15.3","15.49","14.76","15.36","6047833","0.055669","0.39216","15.2275",
"BAYN.DE","2003-05-26","15.57","15.86","15.22","15.41","1917066","-0.15773","-1.03","15.515",
"BAYN.DE","2003-05-23","16.02","16.12","15.28","15.59","4615255","-0.43608","-2.68","15.7525",
"BAYN.DE","2003-05-22","15.49","15.99","15.4","15.88","4332119","0.38969","2.52","15.69",
"BAYN.DE","2003-05-21","16.01","16.03","15.05","15.66","5484567","-0.35258","-2.19","15.6875",
"BAYN.DE","2003-05-20","15.81","16.19","15.5","15.91","5440089","0.10206","0.63251","15.8525",
"BAYN.DE","2003-05-19","16.75","16.77","15.65","15.88","5776901","-0.86289","-5.19","16.2625",
"BAYN.DE","2003-05-16","16.84","17.17","16.7","16.91","6663615","0.074227","0.41568","16.905",
"BAYN.DE","2003-05-15","16.18","17.02","15.97","17.02","8278708","0.83505","5.19","16.5475",
"BAYN.DE","2003-05-14","15.35","16.49","15.2","16.13","9886565","0.77938","5.08","15.7925",
"BAYN.DE","2003-05-13","15.77","15.84","15.24","15.39","3831526","-0.38041","-2.41","15.56",
"BAYN.DE","2003-05-12","15.76","15.97","15.31","15.78","4502842","0.018556","0.1269","15.705",
"BAYN.DE","2003-05-09","15.91","15.95","15.13","15.79","6280731","-0.12062","-0.75424","15.695",
"BAYN.DE","2003-05-08","16.24","16.47","15.44","15.85","9229023","-0.38969","-2.4","16",
"BAYN.DE","2003-05-07","16.01","16.58","15.87","16.14","15741050","0.13918","0.81199","16.15",
"BAYN.DE","2003-05-06","15.05","15.32","14.49","15.32","5489512","0.26907","1.79","15.045",
"BAYN.DE","2003-05-05","15.26","15.43","14.85","15.13","4447432","-0.1299","-0.8519","15.1675",
"BAYN.DE","2003-05-02","15.05","15.24","14.46","15.21","5593053","0.15773","1.06","14.99",
"BAYN.DE","2003-05-01","16.09","16.09","16.09","16.09","0","0","0","16.09",
"BAYN.DE","2003-04-30","14.85","15.31","14.8","15.17","5515009","0.31546","2.15","15.0325",
"BAYN.DE","2003-04-29","15.33","15.43","14.74","14.74","5154217","-0.58454","-3.85","15.06",
"BAYN.DE","2003-04-28","14.75","15.25","14.73","15.21","5600151","0.45464","3.12","14.985",
"BAYN.DE","2003-04-25","15.63","16.14","15.22","15.54","11490843","-0.092784","-0.57582","15.6325",
"BAYN.DE","2003-04-24","15.54","15.62","15.16","15.31","5329629","-0.23196","-1.48","15.4075",
"BAYN.DE","2003-04-23","15.63","15.82","15.39","15.73","6399937","0.092784","0.6398","15.6425",
"BAYN.DE","2003-04-22","15.21","15.52","14.8","15.51","5767050","0.30619","1.97","15.26",
"BAYN.DE","2003-04-21","15.92","15.92","15.92","15.92","0","0","0","15.92",
"BAYN.DE","2003-04-18","15.92","15.92","15.92","15.92","0","0","0","15.92",
"BAYN.DE","2003-04-17","14.77","15.18","14.43","15.01","5933107","0.24124","1.62","14.8475",
"BAYN.DE","2003-04-16","15.49","15.55","14.61","14.75","6563716","-0.74227","-4.78","15.1",
"BAYN.DE","2003-04-15","15.07","15.54","14.87","15.03","8621418","-0.037113","-0.26543","15.1275",
"BAYN.DE","2003-04-14","14.34","14.91","14.11","14.86","5941268","0.52887","3.63","14.555",
"BAYN.DE","2003-04-11","13.95","14.75","13.92","14.31","7503263","0.36186","2.58","14.2325",
"BAYN.DE","2003-04-10","13.71","14.26","13.62","13.77","5547090","0.05567","0.43764","13.84",
"BAYN.DE","2003-04-09","13.72","14.35","13.1","13.75","7379417","0.027835","0.21866","13.73",
"BAYN.DE","2003-04-08","13.6","13.85","13.12","13.67","4872518","0.064949","0.51471","13.56",
"BAYN.DE","2003-04-07","13.5","13.88","13.29","13.75","8481033","0.25052","1.85","13.605",
"BAYN.DE","2003-04-04","13.19","13.24","12.78","13.1","10572797","-0.092784","-0.68234","13.0775",
"BAYN.DE","2003-04-03","12.31","12.9","12.14","12.42","5585544","0.11134","0.89358","12.4425",
"BAYN.DE","2003-04-02","11.72","12.46","11.59","12.46","5645246","0.74227","6.31","12.0575",
"BAYN.DE","2003-04-01","11.59","11.83","11.1","11.57","4679909","-0.018557","-0.17256","11.5225",
"BAYN.DE","2003-03-31","11.88","11.96","11.41","11.59","3973853","-0.28763","-2.44","11.71",
"BAYN.DE","2003-03-28","12.15","12.33","11.9","12.07","3675541","-0.083505","-0.65844","12.1125",
"BAYN.DE","2003-03-27","12.33","12.33","11.73","12.14","4839458","-0.19485","-1.54","12.1325",
"BAYN.DE","2003-03-26","12.36","12.74","12.18","12.19","3821396","-0.16701","-1.38","12.3675",
"BAYN.DE","2003-03-25","11.97","12.54","11.71","12.29","6603777","0.32474","2.67","12.1275",
"BAYN.DE","2003-03-24","12.66","12.81","12.06","12.06","5540714","-0.60309","-4.74","12.3975",
"BAYN.DE","2003-03-21","12.64","13.11","12.64","13.02","17374337","0.38041","3.01","12.8525",
"BAYN.DE","2003-03-20","12.43","12.9","12.18","12.5","6595732","0.064949","0.56315","12.5025",
"BAYN.DE","2003-03-19","13.71","13.71","12.13","12.47","20476046","-1.24","-9.04","13.005",
"BAYN.DE","2003-03-18","9.79","13.51","9.66","13.27","23834874","3.48","35.55","11.5575",
"BAYN.DE","2003-03-17","9.46","9.73","9.09","9.54","8637409","0.074227","0.84567","9.455",
"BAYN.DE","2003-03-14","9.93","10.11","9.24","9.58","14766997","-0.3433","-3.52","9.715",
"BAYN.DE","2003-03-13","9.65","10.07","9.25","10.07","14583592","0.41753","4.35","9.76",
"BAYN.DE","2003-03-12","10.81","10.91","9.56","9.79","13876614","-1.02","-9.44","10.2675",
"BAYN.DE","2003-03-11","10.87","11.03","10.26","10.73","6356414","-0.14845","-1.29","10.7225",
"BAYN.DE","2003-03-10","11.26","11.3","10.82","10.84","5447626","-0.4268","-3.73","11.055",
"BAYN.DE","2003-03-07","11.24","11.46","11","11.11","7912803","-0.1299","-1.16","11.2025",
"BAYN.DE","2003-03-06","11.32","11.77","11.1","11.25","7564626","-0.064948","-0.61837","11.36",
"BAYN.DE","2003-03-05","11.32","11.38","11","11.15","5700355","-0.16701","-1.5","11.2125",
"BAYN.DE","2003-03-04","11.48","11.7","11.29","11.44","6418263","-0.037113","-0.34843","11.4775",
"BAYN.DE","2003-03-03","11.51","12.02","11.42","11.5","5712173","-0.009278","-0.08688097","11.6125",
"BAYN.DE","2003-02-28","11.48","11.67","11.06","11.37","8011838","-0.11134","-0.95819","11.395",
"BAYN.DE","2003-02-27","10.93","11.71","10.76","11.62","16062721","0.6866","6.31","11.255",
"BAYN.DE","2003-02-26","11.6","11.67","10.03","10.81","25458603","-0.78866","-6.81","11.0275",
"BAYN.DE","2003-02-25","13.17","13.17","11.18","11.42","22208757","-1.74","-13.29","12.235",
"BAYN.DE","2003-02-24","14.4","14.4","13.26","13.26","7694348","-1.14","-7.92","13.83",
"BAYN.DE","2003-02-21","14.46","14.69","14.15","14.69","3830549","0.22268","1.59","14.4975",
"BAYN.DE","2003-02-20","14.8","15.08","14.34","14.35","3862393","-0.44536","-3.04","14.6425",
"BAYN.DE","2003-02-19","15.43","15.57","14.56","14.63","4685996","-0.79794","-5.18","15.0475",
"BAYN.DE","2003-02-18","15.34","15.72","15.06","15.46","5159107","0.12062","0.78227","15.395",
"BAYN.DE","2003-02-17","14.78","15.43","14.63","15.39","4247661","0.61237","4.13","15.0575",
"BAYN.DE","2003-02-14","14.08","14.69","13.95","14.51","5352889","0.43608","3.05","14.3075",
"BAYN.DE","2003-02-13","14.1","14.4","13.88","13.94","5752327","-0.16701","-1.13","14.08",
"BAYN.DE","2003-02-12","14.54","14.59","14.13","14.21","4552908","-0.33402","-2.27","14.3675",
"BAYN.DE","2003-02-11","14.27","14.92","14.15","14.71","6467650","0.43608","3.08","14.5125",
"BAYN.DE","2003-02-10","14.06","14.13","13.69","14.1","3590309","0.046392","0.2845","13.995",
"BAYN.DE","2003-02-07","14.4","14.61","13.9","13.99","6206982","-0.40825","-2.85","14.225",
"BAYN.DE","2003-02-06","14.47","14.72","13.92","14.17","5273174","-0.30619","-2.07","14.32",
"BAYN.DE","2003-02-05","14.47","14.86","13.92","14.72","5978505","0.25052","1.73","14.4925",
"BAYN.DE","2003-02-04","14.93","15.08","14.24","14.46","4605895","-0.4732","-3.15","14.6775",
"BAYN.DE","2003-02-03","15.35","15.54","14.9","15.03","3549097","-0.31546","-2.08","15.205",
"BAYN.DE","2003-01-31","14.84","15.29","14.47","15.21","5327239","0.37113","2.49","14.9525",
"BAYN.DE","2003-01-30","15.28","15.54","14.72","15.11","5523675","-0.17629","-1.11","15.1625",
"BAYN.DE","2003-01-29","15.24","15.59","14.2","15.22","10613998","-0.018557","-0.13123","15.0625",
"BAYN.DE","2003-01-28","15.54","15.73","14.89","15.35","6403153","-0.19485","-1.22","15.3775",
"BAYN.DE","2003-01-27","15.92","16.09","15.03","15.29","7336174","-0.63093","-3.96","15.5825",
"BAYN.DE","2003-01-24","16.93","16.93","15.82","15.98","6106193","-0.95567","-5.61","16.415",
"BAYN.DE","2003-01-23","16.75","17.07","16.19","16.9","6515238","0.14845","0.89552","16.7275",
"BAYN.DE","2003-01-22","17.29","17.79","16.36","16.54","6669612","-0.74227","-4.34","16.995",
"BAYN.DE","2003-01-21","18.09","18.28","17.24","17.38","5099951","-0.71443","-3.92","17.7475",
"BAYN.DE","2003-01-20","18.31","18.43","17.94","17.94","3659783","-0.36186","-2.02","18.155",
"BAYN.DE","2003-01-17","19.13","19.19","18.22","18.22","4971594","-0.90928","-4.76","18.69",
"BAYN.DE","2003-01-16","19.11","19.57","18.81","19.21","3818702","0.092784","0.52329","19.175",
"BAYN.DE","2003-01-15","19.67","19.85","18.99","19.15","4727792","-0.51959","-2.64","19.415",
"BAYN.DE","2003-01-14","19.21","19.78","18.84","19.45","6025902","0.24124","1.25","19.32",
"BAYN.DE","2003-01-13","19.58","19.93","18.98","19.26","4146125","-0.31547","-1.63","19.4375",
"BAYN.DE","2003-01-10","19.58","19.82","19.05","19.53","4253521","-0.046393","-0.25536","19.495",
"BAYN.DE","2003-01-09","19.63","19.93","18.79","19.66","4777196","0.027836","0.15283","19.5025",
"BAYN.DE","2003-01-08","20.27","20.48","19.72","19.74","3076047","-0.52886","-2.61","20.0525",
"BAYN.DE","2003-01-07","20.71","20.86","20.18","20.46","3538993","-0.25052","-1.21","20.5525",
"BAYN.DE","2003-01-06","20.12","20.8","19.68","20.8","3420710","0.67732","3.38","20.35",
"BAYN.DE","2003-01-03","20.02","20.36","19.78","20.04","3667045","0.018556","0.0999001","20.05",
"BAYN.DE","2003-01-02","19.01","20.06","18.74","19.99","3472119","0.98351","5.16","19.45",
"BAYN.DE","2003-01-01","20.12","20.12","20.12","20.12","0","0","0","20.12",
"BAYN.DE","2002-12-31","20.12","20.12","20.12","20.12","0","0","0","20.12",
"BAYN.DE","2002-12-30","18.05","18.97","18.02","18.97","1595352","0.92784","5.1","18.5025",
"BAYN.DE","2002-12-27","19.54","19.54","18.09","18.14","1861359","-1.4","-7.16","18.8275",
"BAYN.DE","2002-12-26","20.74","20.74","20.74","20.74","0","0","0","20.74",
"BAYN.DE","2002-12-25","20.74","20.74","20.74","20.74","0","0","0","20.74",
"BAYN.DE","2002-12-24","20.74","20.74","20.74","20.74","0","0","0","20.74",
"BAYN.DE","2002-12-23","20.37","20.37","19.3","19.56","2123432","-0.80722","-3.98","19.9",
"BAYN.DE","2002-12-20","19.13","20.38","19.02","20.1","9092385","0.96495","5.07","19.6575",
"BAYN.DE","2002-12-19","20.37","20.69","18.61","19.17","8026316","-1.2","-5.89","19.71",
"BAYN.DE","2002-12-18","20.44","20.66","19.96","19.96","4397086","-0.48248","-2.35","20.255",
"BAYN.DE","2002-12-17","20.88","21.1","20.42","20.51","3729958","-0.37113","-1.77","20.7275",
"BAYN.DE","2002-12-16","19.74","21.05","19.6","20.92","4536488","1.18","5.98","20.3275",
"BAYN.DE","2002-12-13","20.84","20.86","19.58","19.94","4935111","-0.9","-4.32","20.305",
"BAYN.DE","2002-12-12","21.2","21.29","20.55","20.81","3042948","-0.38969","-1.84","20.9625",
"BAYN.DE","2002-12-11","20.83","21.41","20.58","21.21","3188399","0.38041","1.82","21.0075",
"BAYN.DE","2002-12-10","20.33","21.09","20.32","20.97","3588167","0.64021","3.15","20.6775",
"BAYN.DE","2002-12-09","20.69","21.31","20.14","20.31","3931987","-0.38041","-1.84","20.6125",
"BAYN.DE","2002-12-06","20.82","21.15","20.2","20.9","3892123","0.083506","0.38425","20.7675",
"BAYN.DE","2002-12-05","21.76","22.04","20.36","20.71","4375802","-1.05","-4.83","21.2175",
"BAYN.DE","2002-12-04","21.11","21.59","20.8","21.59","3150428","0.48247","2.27","21.2725",
"BAYN.DE","2002-12-03","22.07","22.39","21.31","21.34","4007275","-0.73299","-3.31","21.7775",
"BAYN.DE","2002-12-02","21.54","22.43","21.52","21.85","4327249","0.31546","1.44","21.835",
"BAYN.DE","2002-11-29","21.7","22.2","21.32","21.32","4080880","-0.38041","-1.75","21.635",
"BAYN.DE","2002-11-28","21.75","21.8","21.2","21.57","3600795","-0.17629","-0.82759","21.58",
"BAYN.DE","2002-11-27","20.54","21.98","20.43","21.95","4417422","1.41","6.86","21.225",
"BAYN.DE","2002-11-26","21.49","21.57","20.51","20.62","3935472","-0.87217","-4.05","21.0475",
"BAYN.DE","2002-11-25","21.75","21.9","21.34","21.44","2044362","-0.30619","-1.43","21.6075",
"BAYN.DE","2002-11-22","21.6","21.9","21.34","21.71","3037345","0.11134","0.50926","21.6375",
"BAYN.DE","2002-11-21","21.2","21.55","20.96","21.52","3403290","0.31546","1.51","21.3075",
"BAYN.DE","2002-11-20","21.5","21.66","20.52","21.12","3661033","-0.38041","-1.77","21.2",
"BAYN.DE","2002-11-19","21.02","21.71","20.63","21.54","3771785","0.51031","2.47","21.225",
"BAYN.DE","2002-11-18","21.25","21.76","21.17","21.57","6608678","0.32474","1.51","21.4375",
"BAYN.DE","2002-11-15","20.4","20.97","20.19","20.73","5431819","0.32474","1.62","20.5725",
"BAYN.DE","2002-11-14","19.41","20.35","19.03","20.34","6566742","0.92784","4.79","19.7825",
"BAYN.DE","2002-11-13","19.15","19.43","18.79","19.07","5741222","-0.083505","-0.41775","19.11",
"BAYN.DE","2002-11-12","18.23","19.81","18.07","19.43","11244977","1.2","6.58","18.885",
"BAYN.DE","2002-11-11","17.96","18.23","17.67","18.19","3179386","0.22268","1.28","18.0125",
"BAYN.DE","2002-11-08","18.19","18.51","17.78","18.03","4092785","-0.15773","-0.8796","18.1275",
"BAYN.DE","2002-11-07","19.07","19.22","17.97","18.05","5052420","-1.02","-5.35","18.5775",
"BAYN.DE","2002-11-06","18.86","19.39","18.61","18.95","4880555","0.083505","0.4772","18.9525",
"BAYN.DE","2002-11-05","18.2","18.62","17.92","18.45","2900178","0.24123","1.37","18.2975",
"BAYN.DE","2002-11-04","17.99","18.44","17.75","18.34","3322055","0.35258","1.95","18.13",
"BAYN.DE","2002-11-01","17.78","18.01","16.95","17.48","2970454","-0.29691","-1.69","17.555",
"BAYN.DE","2002-10-31","17.78","18.3","17.4","17.78","4716238","0","0","17.815",
"BAYN.DE","2002-10-30","17.36","17.99","17.13","17.94","3851081","0.57526","3.34","17.605",
"BAYN.DE","2002-10-29","17.33","18.46","17.08","17.11","5858162","-0.22268","-1.27","17.495",
"BAYN.DE","2002-10-28","17.42","18","17.09","17.36","4079640","-0.055671","-0.34443","17.4675",
"BAYN.DE","2002-10-25","16.91","17.26","16.63","17.09","3788768","0.18557","1.06","16.9725",
"BAYN.DE","2002-10-24","17.18","17.72","16.93","17.4","4328461","0.2134","1.28","17.3075",
"BAYN.DE","2002-10-23","18.28","18.4","16.79","16.9","6087537","-1.38","-7.55","17.5925",
"BAYN.DE","2002-10-22","19.02","19.36","18.13","18.18","4817770","-0.84433","-4.42","18.6725",
"BAYN.DE","2002-10-21","19.6","19.7","18.25","19.27","5800717","-0.32474","-1.68","19.205",
"BAYN.DE","2002-10-18","20.26","20.26","19.47","20.02","4027384","-0.24124","-1.18","20.0025",
"BAYN.DE","2002-10-17","19.67","20.04","18.95","19.86","5404352","0.19485","0.96594","19.63",
"BAYN.DE","2002-10-16","18.84","19.81","18.74","19.12","5477021","0.28763","1.49","19.1275",
"BAYN.DE","2002-10-15","17.89","19.27","17.84","19.27","6583336","1.38","7.71","18.5675",
"BAYN.DE","2002-10-14","17.78","18.12","17.19","17.61","3304294","-0.16701","-0.95613","17.675",
"BAYN.DE","2002-10-11","17.13","18.17","17.03","18.17","5540490","1.04","6.07","17.625",
"BAYN.DE","2002-10-10","15.96","17.22","15.83","17.19","4974791","1.23","7.71","16.55",
"BAYN.DE","2002-10-09","16.28","16.47","15.8","16.32","4983560","0.037114","0.2457","16.2175",
"BAYN.DE","2002-10-08","17.11","17.29","15.87","16.42","5725540","-0.6866","-4.03","16.6725",
"BAYN.DE","2002-10-07","16.96","17.54","16.64","16.93","3509386","-0.027836","-0.17689","17.0175",
"BAYN.DE","2002-10-04","17.95","18.64","16.9","17.34","4762637","-0.61237","-3.4","17.7075",
"BAYN.DE","2002-10-03","17.47","18.84","17.4","17.78","2977103","0.30619","1.77","17.8725",
"BAYN.DE","2002-10-02","17.99","18.42","17.04","17.81","5540601","-0.17629","-1","17.815",
"BAYN.DE","2002-10-01","16.57","17.74","16.56","17.6","5274530","1.03","6.22","17.1175",
"BAYN.DE","2002-09-30","17.68","17.68","16.01","16.19","5668878","-1.48","-8.43","16.89",
"BAYN.DE","2002-09-27","18.59","18.96","17.63","18.12","3597489","-0.4732","-2.53","18.325",
"BAYN.DE","2002-09-26","17.58","18.7","17.07","18.39","6635669","0.80722","4.61","17.935",
"BAYN.DE","2002-09-25","16.7","17.81","16.51","17.61","6914069","0.90928","5.45","17.1575",
"BAYN.DE","2002-09-24","17.53","17.8","16.74","17.03","5921593","-0.50103","-2.85","17.275",
"BAYN.DE","2002-09-23","18.32","18.67","17.35","17.35","4233434","-0.97423","-5.29","17.9225",
"BAYN.DE","2002-09-20","17.95","18.96","17.76","18.36","13992230","0.40825","2.28","18.2575",
"BAYN.DE","2002-09-19","19.32","19.37","18.07","18.07","6601561","-1.24","-6.47","18.7075",
"BAYN.DE","2002-09-18","19.95","20.22","19.11","19.11","5187319","-0.83505","-4.21","19.5975",
"BAYN.DE","2002-09-17","20.41","20.82","20.01","20.47","6573506","0.055669","0.29397","20.4275",
"BAYN.DE","2002-09-16","19.41","20.06","18.93","19.86","5283175","0.45464","2.32","19.565",
"BAYN.DE","2002-09-13","19.76","19.92","18.85","19.37","6633613","-0.38969","-1.97","19.475",
"BAYN.DE","2002-09-12","20.36","20.89","19.9","19.9","7325949","-0.45464","-2.26","20.2625",
"BAYN.DE","2002-09-11","20.23","20.6","19.97","20.42","5940741","0.19485","0.9392","20.305",
"BAYN.DE","2002-09-10","19.92","20.24","19.76","20.18","4497668","0.2598","1.31","20.025",
"BAYN.DE","2002-09-09","20.37","20.37","19.56","19.76","4514438","-0.60309","-2.99","20.015",
"BAYN.DE","2002-09-06","19.94","20.5","19.54","20.5","3678344","0.5567","2.81","20.12",
"BAYN.DE","2002-09-05","20.18","20.3","19.31","19.81","3661722","-0.37113","-1.83","19.9",
"BAYN.DE","2002-09-04","20.04","20.59","19.63","20.06","3535356","0.018558","0.0998004","20.08",
"BAYN.DE","2002-09-03","21.66","21.66","19.96","19.96","4438274","-1.71","-7.85","20.81",
"BAYN.DE","2002-09-02","22.31","22.31","21.59","21.66","1374047","-0.64948","-2.91","21.9675",
"BAYN.DE","2002-08-30","21.69","22.64","21.38","22.48","3030044","0.78866","3.64","22.0475",
"BAYN.DE","2002-08-29","22.18","22.53","21.29","21.85","4739230","-0.32474","-1.49","21.9625",
"BAYN.DE","2002-08-28","23.01","23.15","22.18","22.18","3070059","-0.83505","-3.61","22.63",
"BAYN.DE","2002-08-27","22.79","23.84","22.38","23.2","3080012","0.40825","1.8","23.0525",
"BAYN.DE","2002-08-26","22.92","23.57","22.56","22.76","2042199","-0.15773","-0.69808","22.9525",
"BAYN.DE","2002-08-23","23.15","23.8","22.73","22.91","3303456","-0.24124","-1.04","23.1475",
"BAYN.DE","2002-08-22","22.72","23.38","22.48","23.09","3059117","0.37113","1.63","22.9175",
"BAYN.DE","2002-08-21","22.23","23.18","22.1","22.55","3252035","0.31546","1.44","22.515",
"BAYN.DE","2002-08-20","23.38","23.38","21.9","22.09","3305401","-1.29","-5.52","22.6875",
"BAYN.DE","2002-08-19","21.87","23.22","21.71","23.21","2784791","1.35","6.13","22.5025",
"BAYN.DE","2002-08-16","22.5","22.5","21.26","22.18","3339669","-0.31546","-1.42","22.11",
"BAYN.DE","2002-08-15","22.18","23.01","21.99","22.28","2923042","0.10206","0.45086","22.365",
"BAYN.DE","2002-08-14","21.76","22.25","21.26","21.62","3564248","-0.13918","-0.64338","21.7225",
"BAYN.DE","2002-08-13","22.82","23.17","21.29","22.56","3625378","-0.25052","-1.14","22.46",
"BAYN.DE","2002-08-12","23.38","23.38","22.39","22.59","3695453","-0.78866","-3.38","22.935",
"BAYN.DE","2002-08-09","22.04","23.63","21.16","23.63","4980765","1.6","7.21","22.615",
"BAYN.DE","2002-08-08","20.51","21.85","20.25","21.85","6786176","1.35","6.53","21.115",
"BAYN.DE","2002-08-07","21.43","21.43","19.58","19.75","6229809","-1.68","-7.84","20.5475",
"BAYN.DE","2002-08-06","19.95","21.61","19.39","21.23","7033684","1.28","6.42","20.545",
"BAYN.DE","2002-08-05","21.71","21.85","19.95","20.27","5913125","-1.44","-6.63","20.945",
"BAYN.DE","2002-08-02","22.04","22.59","21.04","21.98","5683727","-0.055669","-0.27223","21.9125",
"BAYN.DE","2002-08-01","22.69","23.78","21.8","22.04","6684920","-0.64949","-2.86","22.5775",
"BAYN.DE","2002-07-31","25.48","25.55","23.38","23.38","5963072","-2.1","-8.24","24.4475",
"BAYN.DE","2002-07-30","25.28","25.42","24.07","25.42","4627519","0.13917","0.5538","25.0475",
"BAYN.DE","2002-07-29","23.21","25.3","23.05","25.3","4571840","2.09","9","24.215",
"BAYN.DE","2002-07-26","22.13","22.97","21.11","22.92","5447407","0.78866","3.57","22.2825",
"BAYN.DE","2002-07-25","23.66","23.85","21.62","21.98","6788105","-1.68","-7.1","22.7775",
"BAYN.DE","2002-07-24","23.47","23.69","21.06","23.08","10520362","-0.38969","-1.66","22.825",
"BAYN.DE","2002-07-23","24.95","25.52","23.38","23.5","5679972","-1.45","-5.81","24.3375",
"BAYN.DE","2002-07-22","25.88","26.2","24.22","24.73","5039040","-1.15","-4.44","25.2575",
"BAYN.DE","2002-07-19","27.14","27.37","25.98","26.07","4420183","-1.07","-3.94","26.64",
"BAYN.DE","2002-07-18","28.02","28.38","27.12","27.7","4539915","-0.32474","-1.14","27.805",
"BAYN.DE","2002-07-17","27.06","28.02","26.72","28.02","4638024","0.95567","3.55","27.455",
"BAYN.DE","2002-07-16","28.01","28.21","25.8","27.32","6664641","-0.6866","-2.46","27.335",
"BAYN.DE","2002-07-15","28.03","29.17","27.23","27.23","4360667","-0.79794","-2.85","27.915",
"BAYN.DE","2002-07-12","29.47","29.86","28.11","28.21","4342739","-1.26","-4.28","28.9125",
"BAYN.DE","2002-07-11","28.3","29.32","27.37","28.76","5389787","0.46392","1.63","28.4375",
"BAYN.DE","2002-07-10","29.88","30.41","28.78","29","4059518","-0.87217","-2.95","29.5175",
"BAYN.DE","2002-07-09","30.78","31.13","29.94","30.13","3172963","-0.64948","-2.11","30.495",
"BAYN.DE","2002-07-08","30.48","31.05","29.89","30.57","3495333","0.092786","0.29528","30.4975",
"BAYN.DE","2002-07-05","28.99","30.87","28.86","30.87","4100754","1.87","6.48","29.8975",
"BAYN.DE","2002-07-04","28.98","29.46","28.48","28.99","2894548","0.018557","0.03450656","28.9775",
"BAYN.DE","2002-07-03","29.6","30.02","28.14","28.58","3803538","-1.02","-3.45","29.085",
"BAYN.DE","2002-07-02","30.06","30.28","28.97","29.55","3645055","-0.51031","-1.7","29.715",
"BAYN.DE","2002-07-01","29.88","30.31","29.46","30.2","2999669","0.32474","1.07","29.9625",
"BAYN.DE","2002-06-28","29.23","30.15","28.96","30.11","4618870","0.88144","3.01","29.6125",
"BAYN.DE","2002-06-27","28.99","29.51","27.96","29.51","5036050","0.52887","1.79","28.9925",
"BAYN.DE","2002-06-26","28","28.92","26.96","28.67","7447730","0.66804","2.39","28.1375",
"BAYN.DE","2002-06-25","29.46","29.86","28.96","29.04","3798588","-0.41753","-1.43","29.33",
"BAYN.DE","2002-06-24","29.82","30.37","28.36","29.12","4849134","-0.70516","-2.35","29.4175",
"BAYN.DE","2002-06-21","28.82","29.7","28.61","29.7","20039256","0.88144","3.05","29.2075",
"BAYN.DE","2002-06-20","29.51","29.89","28.51","29.13","5072806","-0.37113","-1.29","29.26",
"BAYN.DE","2002-06-19","29.75","30.29","29.43","29.6","3275601","-0.14845","-0.5042","29.7675",
"BAYN.DE","2002-06-18","30.8","31.14","29.92","30.37","3329665","-0.43608","-1.4","30.5575",
"BAYN.DE","2002-06-17","29.97","30.85","29.55","30.85","3645836","0.88145","2.94","30.305",
"BAYN.DE","2002-06-14","30.17","30.32","28.81","29.38","4634601","-0.78866","-2.62","29.67",
"BAYN.DE","2002-06-13","30.67","31.02","29.89","30.43","3509899","-0.24124","-0.78252","30.5025",
"BAYN.DE","2002-06-12","31.22","31.22","30.48","30.48","3482388","-0.74227","-2.37","30.85",
"BAYN.DE","2002-06-11","31.19","31.82","31.03","31.22","3198097","0.027838","0.09618467","31.315",
"BAYN.DE","2002-06-10","31.37","31.69","30.65","31.04","2302168","-0.33402","-1.05","31.1875",
"BAYN.DE","2002-06-07","30.72","31.73","30.16","31.73","4409825","1.01","3.29","31.085",
"BAYN.DE","2002-06-06","31.13","31.78","30.8","31.2","3649950","0.074229","0.22486","31.2275",
"BAYN.DE","2002-06-05","31.34","31.47","30.64","30.93","3300337","-0.40825","-1.31","31.095",
"BAYN.DE","2002-06-04","31.73","31.73","30.62","31.01","3751816","-0.72372","-2.27","31.2725",
"BAYN.DE","2002-06-03","32.01","32.56","31.66","32.01","1810061","0","0","32.06",
"BAYN.DE","2002-05-31","31.82","32.46","31.55","32.29","2925837","0.46392","1.48","32.03",
"BAYN.DE","2002-05-30","32.86","33.03","31.74","31.88","2926427","-0.9835","-2.98","32.3775",
"BAYN.DE","2002-05-29","32.58","32.83","32.1","32.62","3082410","0.04639","0.12277","32.5325",
"BAYN.DE","2002-05-28","33.08","33.29","32.34","32.45","2385881","-0.63093","-1.9","32.79",
"BAYN.DE","2002-05-27","32.62","33.07","32.62","32.84","1621577","0.2134","0.67443","32.7875",
"BAYN.DE","2002-05-24","33.28","33.37","32.52","32.58","2111546","-0.70515","-2.1","32.9375",
"BAYN.DE","2002-05-23","33.16","33.4","32.75","33.09","2457260","-0.074229","-0.2111","33.1",
"BAYN.DE","2002-05-22","33.08","33.33","32.75","32.85","2583386","-0.23196","-0.69528","33.0025",
"BAYN.DE","2002-05-21","32.72","33.86","32.47","33.24","2690337","0.51959","1.59","33.0725",
"BAYN.DE","2002-05-20","33.58","33.58","32.6","32.85","1550457","-0.73299","-2.17","33.1525",
"BAYN.DE","2002-05-17","33.89","34.35","33.32","33.38","2747450","-0.51031","-1.5","33.735",
"BAYN.DE","2002-05-16","33.75","34.21","33.41","33.63","2226006","-0.11134","-0.35556","33.75",
"BAYN.DE","2002-05-15","34.05","34.14","33.41","33.54","2222297","-0.51031","-1.5","33.785",
"BAYN.DE","2002-05-14","33.86","33.96","33.5","33.8","2505199","-0.055672","-0.1772","33.78",
"BAYN.DE","2002-05-13","32.97","33.82","32.75","33.73","1974904","0.76082","2.31","33.3175",
"BAYN.DE","2002-05-10","33.77","33.99","33","33","1842695","-0.77011","-2.28","33.44",
"BAYN.DE","2002-05-09","33.97","34.04","33.15","33.57","1113514","-0.39897","-1.18","33.6825",
"BAYN.DE","2002-05-08","33.82","33.97","33.49","33.87","2408112","0.046391","0.14784","33.7875",
"BAYN.DE","2002-05-07","32.76","33.84","32.47","33.49","4388588","0.73299","2.23","33.14",
"BAYN.DE","2002-05-06","33.36","33.66","32.86","32.87","1646896","-0.49175","-1.47","33.1875",
"BAYN.DE","2002-05-03","33.8","34.55","32.94","32.95","3695992","-0.85361","-2.51","33.56",
"BAYN.DE","2002-05-02","33.95","34.13","33.5","33.75","3863091","-0.19485","-0.5891","33.8325",
"BAYN.DE","2002-05-01","35.79","35.79","35.79","35.79","0","0","0","35.79",
"BAYN.DE","2002-04-30","33.4","33.75","32.98","33.57","3906330","0.16701","0.50898","33.425",
"BAYN.DE","2002-04-29","33.57","33.87","32.29","33.01","4119296","-0.5567","-1.67","33.185",
"BAYN.DE","2002-04-26","34.56","34.75","33.63","34.06","6124344","-0.50103","-1.45","34.25",
"BAYN.DE","2002-04-25","36.19","36.26","34.56","34.7","4954282","-1.48","-4.12","35.4275",
"BAYN.DE","2002-04-24","36.23","36.74","35.81","36.14","2931214","-0.092782","-0.24841","36.23",
"BAYN.DE","2002-04-23","37.22","37.22","35.81","36.18","4171720","-1.05","-2.79","36.6075",
"BAYN.DE","2002-04-22","37.1","37.21","36.31","37.02","2528197","-0.083505","-0.21563","36.91",
"BAYN.DE","2002-04-19","37.13","37.2","36.71","37.04","2637410","-0.092785","-0.24239","37.02",
"BAYN.DE","2002-04-18","37","37.49","36.66","36.96","3142501","-0.046391","-0.10811","37.0275",
"BAYN.DE","2002-04-17","37.2","37.46","36.93","36.98","2511706","-0.2134","-0.5914","37.1425",
"BAYN.DE","2002-04-16","37.02","37.17","36.65","37","2074693","-0.018558","-0.05402485","36.96",
"BAYN.DE","2002-04-15","36.49","36.92","36.37","36.86","1913642","0.37113","1.01","36.66",
"BAYN.DE","2002-04-12","35.79","36.88","35.79","36.55","2407317","0.76082","2.12","36.2525",
"BAYN.DE","2002-04-11","36.58","36.64","35.72","35.74","2088075","-0.84433","-2.3","36.17",
"BAYN.DE","2002-04-10","35.67","36.41","35.67","36.25","2142616","0.58454","1.63","36",
"BAYN.DE","2002-04-09","35.89","36.12","35.6","35.72","1849816","-0.16701","-0.47367","35.8325",
"BAYN.DE","2002-04-08","36.12","36.36","35.19","35.58","2863726","-0.53815","-1.5","35.8125",
"BAYN.DE","2002-04-05","36.02","36.48","35.88","36.32","2257607","0.30619","0.83287","36.175",
"BAYN.DE","2002-04-04","36.93","37.01","35.55","36.13","4087591","-0.79794","-2.17","36.405",
"BAYN.DE","2002-04-03","37.01","37.35","36.74","37.02","2916894","0.009281","0.02701972","37.03",
"BAYN.DE","2002-04-02","35.94","37.08","35.82","36.84","3140858","0.89072","2.5","36.42",
"BAYN.DE","2002-04-01","38.23","38.23","38.23","38.23","0","0","0","38.23",
"BAYN.DE","2002-03-29","38.23","38.23","38.23","38.23","0","0","0","38.23",
"BAYN.DE","2002-03-28","36.19","36.37","35.97","36.06","2541961","-0.13917","-0.35922","36.1475",
"BAYN.DE","2002-03-27","36.19","36.28","35.75","36.05","2007309","-0.13918","-0.38685","36.0675",
"BAYN.DE","2002-03-26","36.32","36.58","36.03","36.39","2450109","0.064948","0.19273","36.33",
"BAYN.DE","2002-03-25","36.37","36.81","36.23","36.39","1800720","0.018557","0.05499038","36.45",
"BAYN.DE","2002-03-22","36.46","36.58","36.05","36.25","3209425","-0.2134","-0.57597","36.335",
"BAYN.DE","2002-03-21","36.93","37.07","36.32","36.58","2707221","-0.35258","-0.94774","36.725",
"BAYN.DE","2002-03-20","37.48","37.62","36.69","37.04","3938817","-0.43608","-1.17","37.2075",
"BAYN.DE","2002-03-19","37.11","37.56","36.97","37.48","2258294","0.37114","0.99704","37.28",
"BAYN.DE","2002-03-18","37.54","37.84","36.92","37.06","4051807","-0.48248","-1.28","37.34",
"BAYN.DE","2002-03-15","37.2","37.95","37.09","37.79","8679401","0.59381","1.59","37.5075",
"BAYN.DE","2002-03-14","36.65","37.48","36.48","37.37","4042123","0.72371","1.96","36.995",
"BAYN.DE","2002-03-13","36.88","37.47","36.42","36.56","9793541","-0.32474","-0.86768","36.8325",
"BAYN.DE","2002-03-12","35.61","36.29","35.08","36.19","3910631","0.57526","1.63","35.7925",
"BAYN.DE","2002-03-11","35.68","36.05","35.31","35.56","2985941","-0.11134","-0.33632","35.65",
"BAYN.DE","2002-03-08","34.93","35.66","34.72","35.46","4176022","0.52887","1.52","35.1925",
"BAYN.DE","2002-03-07","35.16","35.25","34.6","34.78","3529015","-0.38041","-1.08","34.9475",
"BAYN.DE","2002-03-06","34.93","34.98","34.25","34.89","4272766","-0.046395","-0.11451","34.7625",
"BAYN.DE","2002-03-05","35.71","35.71","34.9","35.32","3581355","-0.38969","-1.09","35.41",
"BAYN.DE","2002-03-04","34.93","35.68","34.8","35.52","4303568","0.58453","1.69","35.2325",
"BAYN.DE","2002-03-01","33.97","34.79","33.97","34.48","3423492","0.51031","1.5","34.3025",
"BAYN.DE","2002-02-28","33.02","34.36","32.89","34.14","4768480","1.12","3.39","33.6025",
"BAYN.DE","2002-02-27","32.65","33.35","32.59","33.16","3173686","0.51031","1.56","32.9375",
"BAYN.DE","2002-02-26","32.43","32.65","31.98","32.43","3047003","0","0","32.3725",
"BAYN.DE","2002-02-25","31.79","32.38","31.34","32.31","1785345","0.51959","1.64","31.955",
"BAYN.DE","2002-02-22","31.55","31.78","31.18","31.74","1966591","0.19484","0.60222","31.5625",
"BAYN.DE","2002-02-21","31.22","31.72","31.18","31.58","2652091","0.36185","1.15","31.425",
"BAYN.DE","2002-02-20","30.92","31.2","30.33","30.82","2959125","-0.10206","-0.32342","30.8175",
"BAYN.DE","2002-02-19","31.21","31.31","30.71","31.08","2980512","-0.1299","-0.41653","31.0775",
"BAYN.DE","2002-02-18","31.54","31.7","31.15","31.37","1304855","-0.16701","-0.539","31.44",
"BAYN.DE","2002-02-15","32.01","32.29","31.55","31.65","1825258","-0.36186","-1.12","31.875",
"BAYN.DE","2002-02-14","32.09","32.09","31.63","31.9","2590056","-0.19485","-0.59208","31.9275",
"BAYN.DE","2002-02-13","31.97","32.2","31.62","32.03","2214577","0.055671","0.18768","31.955",
"BAYN.DE","2002-02-12","32.52","32.61","31.66","31.82","3171347","-0.70515","-2.15","32.1525",
"BAYN.DE","2002-02-11","32.34","32.49","31.82","32.38","2052970","0.037114","0.12369","32.2575",
"BAYN.DE","2002-02-08","32.01","32.24","31.59","31.77","2351843","-0.24124","-0.74977","31.9025",
"BAYN.DE","2002-02-07","32.47","32.7","31.6","32.24","3959549","-0.23196","-0.70835","32.2525",
"BAYN.DE","2002-02-06","33.54","33.86","32.26","32.58","4534407","-0.96495","-2.86","33.06",
"BAYN.DE","2002-02-05","33.98","34.32","33.38","33.63","3265967","-0.3433","-1.03","33.8275",
"BAYN.DE","2002-02-04","34.65","34.79","34.31","34.39","1491644","-0.26907","-0.75036","34.535",
"BAYN.DE","2002-02-01","34.65","35.12","33.99","34.48","2845018","-0.16701","-0.49062","34.56",
"BAYN.DE","2002-01-31","34.38","34.55","33.91","34.14","2076379","-0.23196","-0.69808","34.245",
"BAYN.DE","2002-01-30","35.59","36.61","35.5","36.31","2996834","0.71839","2.02","36",
"BAYN.DE","2002-01-29","34.72","34.79","33.4","33.66","2688560","-1.06","-3.05","34.1425",
"BAYN.DE","2002-01-28","36.83","37.05","36.51","36.68","1778836","-0.15746","-0.42747","36.77",
"BAYN.DE","2002-01-25","34.9","34.91","34.34","34.71","2005022","-0.18557","-0.54441","34.715",
"BAYN.DE","2002-01-24","34.28","35.15","34.11","34.94","4248130","0.65876","1.93","34.62",
"BAYN.DE","2002-01-23","32.98","34.05","32.9","34.04","4313032","1.06","3.21","33.4925",
"BAYN.DE","2002-01-22","33.31","33.52","33.08","33.4","3359685","0.092781","0.27019","33.3275",
"BAYN.DE","2002-01-21","34.74","35.43","34.51","35.43","2164784","0.68887","1.98","35.03",
"BAYN.DE","2002-01-18","32.98","33.54","32.26","32.75","4498338","-0.23196","-0.69739","32.8825",
"BAYN.DE","2002-01-17","32.9","33.58","32.9","33.49","3319077","0.59381","1.79","33.2175",
"BAYN.DE","2002-01-16","33.34","33.58","32.75","33.03","2897284","-0.30619","-0.92981","33.175",
"BAYN.DE","2002-01-15","33.48","33.92","32.94","33.7","3033095","0.22268","0.65711","33.51",
"BAYN.DE","2002-01-14","34.52","34.6","33.4","33.47","2438130","-1.05","-3.04","33.9975",
"BAYN.DE","2002-01-11","35.08","35.17","34.14","34.33","3391311","-0.75155","-2.14","34.68",
"BAYN.DE","2002-01-10","35.26","35.54","34.31","34.65","3069423","-0.6031","-1.73","34.94",
"BAYN.DE","2002-01-09","35.63","35.96","35.1","35.47","4626194","-0.15773","-0.44906","35.54",
"BAYN.DE","2002-01-08","34.7","35.55","34.56","35.29","4410124","0.58453","1.7","35.025",
"BAYN.DE","2002-01-07","35.12","35.23","34.13","34.71","3525544","-0.40825","-1.17","34.7975",
"BAYN.DE","2002-01-04","34.75","35.2","34.4","34.61","3743694","-0.13918","-0.40288","34.74",
"BAYN.DE","2002-01-03","33.55","34.71","33.4","34.58","3879160","1.03","3.07","34.06",
"BAYN.DE","2002-01-02","32.96","33.87","32.94","33.33","2389048","0.37113","1.12","33.275",
"BAYN.DE","2002-01-01","35.23","35.23","35.23","35.23","0","0","0","35.23",
"BAYN.DE","2001-12-31","35.23","35.23","35.23","35.23","0","0","0","35.23",
"BAYN.DE","2001-12-28","33.06","33.32","32.85","33.22","1377872","0.15773","0.48397","33.1125",
"BAYN.DE","2001-12-27","30.37","31.18","30.19","31.05","1294750","0.6866","2.24","30.6975",
"BAYN.DE","2001-12-26","33.87","33.87","33.87","33.87","0","0","0","33.87",
"BAYN.DE","2001-12-25","33.87","33.87","33.87","33.87","0","0","0","33.87",
"BAYN.DE","2001-12-24","33.87","33.87","33.87","33.87","0","0","0","33.87",
"BAYN.DE","2001-12-21","30.03","30.85","29.62","29.98","5307692","-0.055669","-0.1665","30.12",
"BAYN.DE","2001-12-20","29.97","30.49","29.92","30.18","2478860","0.2134","0.7007","30.14",
"BAYN.DE","2001-12-19","30.66","31.16","29.8","30.12","4555359","-0.54742","-1.76","30.435",
"BAYN.DE","2001-12-18","30.92","31.51","30.57","30.73","3206280","-0.19485","-0.61449","30.9325",
"BAYN.DE","2001-12-17","30.42","31.18","30.08","31.11","2584340","0.6866","2.27","30.6975",
"BAYN.DE","2001-12-14","30.5","31","29.89","30.27","2440383","-0.23196","-0.7541","30.415",
"BAYN.DE","2001-12-13","30.97","31.3","30.41","30.65","2650028","-0.32475","-1.03","30.8325",
"BAYN.DE","2001-12-12","31.93","32.22","30.6","31.23","3181815","-0.69588","-2.19","31.495",
"BAYN.DE","2001-12-11","32.14","32.22","31.76","32.12","2231985","-0.018557","-0.06222775","32.06",
"BAYN.DE","2001-12-10","32.21","32.51","31.49","32.1","2074448","-0.11134","-0.34151","32.0775",
"BAYN.DE","2001-12-07","32.82","33.36","32.15","32.15","3262846","-0.66804","-2.04","32.62",
"BAYN.DE","2001-12-06","32.06","33.15","31.88","32.49","4132435","0.43608","1.34","32.395",
"BAYN.DE","2001-12-05","31.33","32.21","31.27","31.83","3623851","0.50103","1.6","31.66",
"BAYN.DE","2001-12-04","31.69","31.95","30.51","31.03","2832186","-0.66804","-2.08","31.295",
"BAYN.DE","2001-12-03","31.6","31.97","30.92","31.75","2567317","0.14845","0.47468","31.56",
"BAYN.DE","2001-11-30","31.51","31.8","30.67","31.73","1964775","0.22268","0.69819","31.4275",
"BAYN.DE","2001-11-29","30.66","31.72","30.66","31.26","1955595","0.59381","1.96","31.075",
"BAYN.DE","2001-11-28","31.4","31.75","30.5","31.01","3176689","-0.38969","-1.24","31.165",
"BAYN.DE","2001-11-27","32.4","32.66","30.92","31.75","2994307","-0.64948","-2.01","31.9325",
"BAYN.DE","2001-11-26","33.27","33.65","32.23","32.23","3132740","-1.04","-3.13","32.845",
"BAYN.DE","2001-11-23","32.85","33.11","32.13","32.98","2295272","0.12062","0.39574","32.7675",
"BAYN.DE","2001-11-22","33.14","33.45","32.69","32.83","1176088","-0.31546","-0.93543","33.0275",
"BAYN.DE","2001-11-21","32.84","33.27","32.36","32.96","2387157","0.12062","0.36541","32.8575",
"BAYN.DE","2001-11-20","33.53","34.02","31.95","33.01","4131920","-0.51959","-1.55","33.1275",
"BAYN.DE","2001-11-19","31.69","33.53","31.69","33.53","5440834","1.84","5.81","32.61",
"BAYN.DE","2001-11-16","29.88","32.19","29.75","31.85","6340513","1.98","6.59","30.9175",
"BAYN.DE","2001-11-15","29.79","30.43","29.62","29.75","3048071","-0.046392","-0.13427","29.8975",
"BAYN.DE","2001-11-14","29.97","30.96","29.13","29.73","5440892","-0.24123","-0.8008","29.9475",
"BAYN.DE","2001-11-13","29.45","30.62","29.45","30.41","2766745","0.95567","3.26","29.9825",
"BAYN.DE","2001-11-12","30.4","30.4","28.98","29.7","2400758","-0.69588","-2.3","29.87",
"BAYN.DE","2001-11-09","30.6","30.62","30.01","30.37","2480914","-0.23196","-0.75163","30.4",
"BAYN.DE","2001-11-08","30.79","31.58","30.57","30.98","4364455","0.18557","0.61708","30.98",
"BAYN.DE","2001-11-07","29.82","30.89","28.95","30.73","3544759","0.90928","3.05","30.0975",
"BAYN.DE","2001-11-06","30.02","30.23","29.12","29.67","2488565","-0.3433","-1.17","29.76",
"BAYN.DE","2001-11-05","29.72","30.27","29.5","30.15","1850632","0.42681","1.45","29.91",
"BAYN.DE","2001-11-02","29.88","29.92","29.02","29.38","2573277","-0.50103","-1.67","29.55",
"BAYN.DE","2001-11-01","28.65","29.63","28.15","29.44","2529839","0.78866","2.76","28.9675",
"BAYN.DE","2001-10-31","28.06","28.83","27.63","28.74","3240886","0.6866","2.42","28.315",
"BAYN.DE","2001-10-30","28.66","28.98","27.98","28.38","3174401","-0.27835","-0.97697","28.5",
"BAYN.DE","2001-10-29","29.23","29.44","28.79","28.99","2325690","-0.24124","-0.82107","29.1125",
"BAYN.DE","2001-10-26","29.29","29.98","29.04","29.62","3086375","0.32474","1.13","29.4825",
"BAYN.DE","2001-10-25","30.88","30.88","28.74","29.25","7636506","-1.63","-5.28","29.9375",
"BAYN.DE","2001-10-24","30.49","31.88","30.33","31.01","4531715","0.51958","1.71","30.9275",
"BAYN.DE","2001-10-23","30.05","30.89","29.71","30.73","2479295","0.67732","2.26","30.345",
"BAYN.DE","2001-10-22","30.3","30.3","29.01","30.01","3643852","-0.29691","-0.9571","29.905",
"BAYN.DE","2001-10-19","30.79","31.05","29.75","30.14","3072380","-0.65876","-2.11","30.4325",
"BAYN.DE","2001-10-18","30.15","31.14","29.62","30.83","3658082","0.6866","2.26","30.435",
"BAYN.DE","2001-10-17","30.83","31.05","29.45","30.36","5596476","-0.4732","-1.52","30.4225",
"BAYN.DE","2001-10-16","30.7","30.75","29.97","30.41","5428863","-0.28763","-0.94463","30.4575",
"BAYN.DE","2001-10-15","32.4","32.51","30.14","30.68","5261251","-1.72","-5.31","31.4325",
"BAYN.DE","2001-10-12","29.88","32.46","29.62","32.19","4689784","2.31","7.73","31.0375",
"BAYN.DE","2001-10-11","30.06","30.39","29.4","29.93","4943014","-0.1299","-0.43247","29.945",
"BAYN.DE","2001-10-10","29.53","30.14","29.18","29.96","6399567","0.42681","1.46","29.7025",
"BAYN.DE","2001-10-09","27.92","29.69","27.72","29.32","4106849","1.4","5.01","28.6625",
"BAYN.DE","2001-10-08","27.37","28.4","26.83","28.12","2760702","0.75155","2.74","27.68",
"BAYN.DE","2001-10-05","27.61","28.18","27.35","27.84","2647781","0.22268","0.83303","27.745",
"BAYN.DE","2001-10-04","27.74","28.21","27.09","27.86","3392492","0.12062","0.43259","27.725",
"BAYN.DE","2001-10-03","26.92","27.77","26.22","27.61","2925538","0.69588","2.56","27.13",
"BAYN.DE","2001-10-02","26.33","26.9","25.62","26.9","2458585","0.56598","2.16","26.4375",
"BAYN.DE","2001-10-01","27.42","27.42","25.97","26.55","2231830","-0.87216","-3.17","26.84",
"BAYN.DE","2001-09-28","26.97","27.42","26.46","27.39","2363129","0.41753","1.56","27.06",
"BAYN.DE","2001-09-27","25.39","26.51","24.91","26.51","2348026","1.12","4.41","25.83",
"BAYN.DE","2001-09-26","25.52","26.74","25.15","25.39","3536254","-0.12062","-0.5094","25.7",
"BAYN.DE","2001-09-25","25.26","25.86","24.61","25.04","3969598","-0.22268","-0.87094","25.1925",
"BAYN.DE","2001-09-24","23.43","25.61","22.86","25.13","6483435","1.7","7.26","24.2575",
"BAYN.DE","2001-09-21","22.91","23.47","20.82","22.76","8997273","-0.14845","-0.65474","22.49",
"BAYN.DE","2001-09-20","25.99","26.26","23.17","23.74","4074381","-2.25","-8.66","24.79",
"BAYN.DE","2001-09-19","26.42","27.33","25.39","25.78","2514772","-0.63093","-2.42","26.23",
"BAYN.DE","2001-09-18","27.12","27.12","26.06","26.53","2801174","-0.59381","-2.18","26.7075",
"BAYN.DE","2001-09-17","26.16","27.7","25.26","27.05","4946765","0.89072","3.4","26.5425",
"BAYN.DE","2001-09-14","27.79","28.05","26.04","26.23","5235703","-1.56","-5.61","27.0275",
"BAYN.DE","2001-09-13","29.05","29.18","27.26","27.84","3967392","-1.22","-4.17","28.3325",
"BAYN.DE","2001-09-12","28.13","29.55","27.69","28.7","4586715","0.56598","2.03","28.5175",
"BAYN.DE","2001-09-11","30.5","30.73","27.53","28.92","4776200","-1.58","-5.18","29.42",
"BAYN.DE","2001-09-10","30.52","30.88","30.14","30.14","5219556","-0.38041","-1.25","30.42",
"BAYN.DE","2001-09-07","30.75","31.26","30.41","30.51","3886041","-0.24123","-0.78049","30.7325",
"BAYN.DE","2001-09-06","31.8","31.96","30.78","30.79","4101493","-1","-3.18","31.3325",
"BAYN.DE","2001-09-05","31.7","32.1","31.37","31.4","2574116","-0.30618","-0.94637","31.6425",
"BAYN.DE","2001-09-04","31.88","32.21","31.14","32.14","2542574","0.25979","0.81556","31.8425",
"BAYN.DE","2001-09-03","31.05","32.06","30.44","31.5","4080762","0.45464","1.45","31.2625",
"BAYN.DE","2001-08-31","30.75","31.44","30.52","30.79","1956968","0.046392","0.13008","30.875",
"BAYN.DE","2001-08-30","31.34","31.43","30.94","30.97","2410904","-0.37113","-1.18","31.17",
"BAYN.DE","2001-08-29","31.24","31.76","31.03","31.19","3199457","-0.046391","-0.16005","31.305",
"BAYN.DE","2001-08-28","31.8","32.18","31.02","31.21","9036310","-0.58454","-1.86","31.5525",
"BAYN.DE","2001-08-27","30.31","30.81","30.06","30.56","1591311","0.25052","0.82481","30.435",
"BAYN.DE","2001-08-24","29.88","30.26","29.75","30.01","3083930","0.1299","0.43507","29.975",
"BAYN.DE","2001-08-23","30.23","30.34","29.39","29.88","4693538","-0.35258","-1.16","29.96",
"BAYN.DE","2001-08-22","30.47","30.83","30.15","30.41","3105873","-0.064948","-0.19691","30.465",
"BAYN.DE","2001-08-21","30.29","31","30.07","30.75","4276356","0.45464","1.52","30.5275",
"BAYN.DE","2001-08-20","29.44","30.26","29.19","29.97","7172454","0.52886","1.8","29.715",
"BAYN.DE","2001-08-17","28.8","29.4","28.48","29.03","9099575","0.23196","0.79861","28.9275",
"BAYN.DE","2001-08-16","30.05","30.14","28.31","28.66","10961179","-1.39","-4.63","29.29",
"BAYN.DE","2001-08-15","31.27","31.3","30.05","30.42","7043908","-0.84433","-2.72","30.76",
"BAYN.DE","2001-08-14","31.8","32","31.06","31.57","5219851","-0.22268","-0.72327","31.6075",
"BAYN.DE","2001-08-13","31.54","32.67","30.54","31.44","7452401","-0.092786","-0.31706","31.5475",
"BAYN.DE","2001-08-10","32.23","32.86","31.07","31.42","9271206","-0.8165","-2.51","31.895",
"BAYN.DE","2001-08-09","31.31","32.23","30.45","32.21","18620085","0.9","2.87","31.55",
"BAYN.DE","2001-08-08","35.97","36.45","32.33","32.54","36557674","-3.43","-9.54","34.3225",
"BAYN.DE","2001-08-07","38.93","39.52","38.68","39.51","2229992","0.57526","1.49","39.16",
"BAYN.DE","2001-08-06","39.3","39.92","38.95","39.51","1428094","0.20413","0.53435","39.42",
"BAYN.DE","2001-08-03","39.59","40.02","39.18","39.37","1746920","-0.22268","-0.5557","39.54",
"BAYN.DE","2001-08-02","40.38","40.48","39.45","39.78","3060183","-0.60309","-1.49","40.0225",
"BAYN.DE","2001-08-01","41.11","41.15","40.44","40.77","1687213","-0.3433","-0.82705","40.8675",
"BAYN.DE","2001-07-31","40.64","41.16","40.33","41.16","2058221","0.51959","1.28","40.8225",
"BAYN.DE","2001-07-30","39.99","41","39.85","40.67","1948664","0.67732","1.7","40.3775",
"BAYN.DE","2001-07-27","39.57","40.31","39.42","40.09","2062755","0.51958","1.31","39.8475",
"BAYN.DE","2001-07-26","39.07","39.51","38.68","39.51","2233007","0.43608","1.13","39.1925",
"BAYN.DE","2001-07-25","39.21","39.64","38.39","38.75","2558029","-0.46392","-1.17","38.9975",
"BAYN.DE","2001-07-24","39.46","39.77","39.15","39.23","1826341","-0.23196","-0.58287","39.4025",
"BAYN.DE","2001-07-23","39.54","39.93","39.1","39.46","2231803","-0.074229","-0.20233","39.5075",
"BAYN.DE","2001-07-20","39.18","39.54","38.77","39.29","2351062","0.11134","0.28076","39.195",
"BAYN.DE","2001-07-19","38.54","39.6","38.08","39.6","4332952","1.06","2.75","38.955",
"BAYN.DE","2001-07-18","38.68","38.86","38.18","38.54","2021102","-0.13917","-0.36194","38.565",
"BAYN.DE","2001-07-17","38.3","38.92","38.19","38.81","2226510","0.51031","1.33","38.555",
"BAYN.DE","2001-07-16","38.48","38.84","38.07","38.25","1971321","-0.22268","-0.59771","38.41",
"BAYN.DE","2001-07-13","37.98","38.33","37.68","38.32","2553562","0.3433","0.89521","38.0775",
"BAYN.DE","2001-07-12","37.89","37.99","37.19","37.99","3135803","0.092782","0.26392","37.765",
"BAYN.DE","2001-07-11","38.13","38.13","37.37","37.63","2967089","-0.50103","-1.31","37.815",
"BAYN.DE","2001-07-10","38.59","38.93","37.98","38.15","2179488","-0.43608","-1.14","38.4125",
"BAYN.DE","2001-07-09","38.4","38.64","38.15","38.49","2106411","0.083506","0.23438","38.42",
"BAYN.DE","2001-07-06","39.28","39.32","38.27","38.64","3029936","-0.64949","-1.63","38.8775",
"BAYN.DE","2001-07-05","39.97","39.97","39.06","39.46","2850305","-0.51031","-1.28","39.615",
"BAYN.DE","2001-07-04","40.25","40.59","39.86","39.96","2577548","-0.28763","-0.7205","40.165",
"BAYN.DE","2001-07-03","40.6","40.65","39.74","40.17","2081535","-0.43608","-1.06","40.29",
"BAYN.DE","2001-07-02","40.33","40.71","39.79","40.71","2719292","0.38041","0.94223","40.385",
"BAYN.DE","2001-06-29","39.38","40.45","38.92","40.38","4283989","1","2.54","39.7825",
"BAYN.DE","2001-06-28","38.06","39.51","37.99","39.3","4017236","1.24","3.26","38.715",
"BAYN.DE","2001-06-27","37.11","38.07","37.11","38.06","4333402","0.94639","2.56","37.5875",
"BAYN.DE","2001-06-26","37.68","37.88","37.02","37.75","2884979","0.074225","0.18577","37.5825",
"BAYN.DE","2001-06-25","37.28","37.82","36.96","37.79","2733501","0.51031","1.37","37.4625",
"BAYN.DE","2001-06-22","38.08","38.13","37.2","37.86","3160268","-0.2134","-0.57773","37.8175",
"BAYN.DE","2001-06-21","39.2","39.2","37.68","38.33","5545277","-0.87217","-2.22","38.6025",
"BAYN.DE","2001-06-20","39.8","39.85","39.2","39.77","2498334","-0.037114","-0.07537688","39.655",
"BAYN.DE","2001-06-19","39.81","40.45","39.64","39.92","1792031","0.10206","0.27631","39.955",
"BAYN.DE","2001-06-18","40.2","40.42","39.64","40.11","1458206","-0.092785","-0.22388","40.0925",
"BAYN.DE","2001-06-15","40.37","40.65","39.92","40.18","1615729","-0.19484","-0.47065","40.28",
"BAYN.DE","2001-06-14","41.08","41.33","40.28","40.77","1773252","-0.30619","-0.75463","40.865",
"BAYN.DE","2001-06-13","40.77","41.09","40.54","40.85","1572163","0.083506","0.19622","40.8125",
"BAYN.DE","2001-06-12","41.64","41.67","40.2","40.72","2500122","-0.91856","-2.21","41.0575",
"BAYN.DE","2001-06-11","41.42","41.73","40.98","41.41","1447564","-0.009276","-0.02414293","41.385",
"BAYN.DE","2001-06-08","41.34","42.08","41.04","41.25","2562278","-0.083505","-0.21771","41.4275",
"BAYN.DE","2001-06-07","40.58","41.67","40.58","40.98","2521520","0.39897","0.98571","40.9525",
"BAYN.DE","2001-06-06","40.82","40.98","40.2","40.3","2691261","-0.51959","-1.27","40.575",
"BAYN.DE","2001-06-05","41.24","41.54","40.25","40.25","2025863","-0.99278","-2.4","40.82",
"BAYN.DE","2001-06-04","41.14","41.45","40.71","41.14","574451","0","0","41.11",
"BAYN.DE","2001-06-01","40.94","41.53","40.42","41.11","2093047","0.17629","0.41524","41",
"BAYN.DE","2001-05-31","40.2","40.96","39.68","40.68","2129785","0.47319","1.19","40.38",
"BAYN.DE","2001-05-30","40.29","40.51","39.79","40.31","1570909","0.018558","0.04964011","40.225",
"BAYN.DE","2001-05-29","40.91","41","39.77","40.08","2224341","-0.82577","-2.03","40.44",
"BAYN.DE","2001-05-28","41.14","41.29","40.52","40.91","845291","-0.23196","-0.55907","40.965",
"BAYN.DE","2001-05-25","41.11","41.2","40.51","40.92","1238293","-0.19485","-0.46217","40.935",
"BAYN.DE","2001-05-24","40.95","41.46","40.44","41.06","980117","0.11134","0.26862","40.9775",
"BAYN.DE","2001-05-23","41.81","41.81","41","41.17","1771367","-0.64021","-1.53","41.4475",
"BAYN.DE","2001-05-22","42.08","42.28","41.59","41.82","2170991","-0.25979","-0.61787","41.9425",
"BAYN.DE","2001-05-21","41.38","41.92","41.08","41.79","1501836","0.40825","0.99082","41.5425",
"BAYN.DE","2001-05-18","41.46","41.89","40.63","41.29","2755347","-0.17629","-0.41003","41.3175",
"BAYN.DE","2001-05-17","41.82","42.06","40.98","41.39","3807943","-0.4268","-1.03","41.5625",
"BAYN.DE","2001-05-16","40.37","41.82","39.68","41.51","2763688","1.14","2.82","40.845",
"BAYN.DE","2001-05-15","41.03","41.03","40.11","40.46","1591308","-0.56598","-1.39","40.6575",
"BAYN.DE","2001-05-14","41.08","41.08","40.51","40.77","1886965","-0.30619","-0.75463","40.86",
"BAYN.DE","2001-05-11","41.21","41.52","40.77","41.1","1694494","-0.10206","-0.26693","41.15",
"BAYN.DE","2001-05-10","41.08","41.59","40.99","41.28","1776337","0.20413","0.48685","41.235",
"BAYN.DE","2001-05-09","41.28","41.59","40.59","41.37","1858180","0.092782","0.21802","41.2075",
"BAYN.DE","2001-05-08","40.3","41.3","40","40.98","2324922","0.6866","1.69","40.645",
"BAYN.DE","2001-05-07","40.3","40.93","40.21","40.33","3123194","0.037114","0.07444169","40.4425",
"BAYN.DE","2001-05-04","39.23","40.68","38.99","40.46","3921466","1.23","3.14","39.84",
"BAYN.DE","2001-05-03","39.98","40.07","39.2","39.42","3604769","-0.5567","-1.4","39.6675",
"BAYN.DE","2001-05-02","41.46","41.57","39.58","39.9","3844388","-1.57","-3.76","40.6275",
"BAYN.DE","2001-05-01","46.74","46.74","46.74","46.74","0","0","0","46.74",
"BAYN.DE","2001-04-30","41.02","41.38","40.43","41.38","2612738","0.36185","0.87762","41.0525",
"BAYN.DE","2001-04-27","42.36","42.36","40.95","41.72","5245472","-0.63093","-1.51","41.8475",
"BAYN.DE","2001-04-26","42.34","43.1","41.86","43.02","2433416","0.6866","1.61","42.58",
"BAYN.DE","2001-04-25","42.47","42.68","41.87","42.15","4093694","-0.31546","-0.75347","42.2925",
"BAYN.DE","2001-04-24","42.11","43.14","42.04","42.76","1699595","0.65876","1.54","42.5125",
"BAYN.DE","2001-04-23","43.34","43.34","41.9","42.34","1799545","-1","-2.31","42.73",
"BAYN.DE","2001-04-20","43.42","43.68","43.03","43.34","1876857","-0.083505","-0.18425","43.3675",
"BAYN.DE","2001-04-19","43.12","43.68","42.51","43.52","2099568","0.39897","0.92764","43.2075",
"BAYN.DE","2001-04-18","43.11","43.39","42.52","42.93","1891359","-0.17629","-0.41754","42.9875",
"BAYN.DE","2001-04-17","42.38","43.27","42.23","42.64","2033373","0.25979","0.6135","42.63",
"BAYN.DE","2001-04-16","48.13","48.13","48.13","48.13","0","0","0","48.13",
"BAYN.DE","2001-04-13","48.13","48.13","48.13","48.13","0","0","0","48.13",
"BAYN.DE","2001-04-12","42.28","43.24","42.16","42.61","2642662","0.32474","0.78051","42.5725",
"BAYN.DE","2001-04-11","41.87","42.93","41.72","42.34","3850915","0.46392","1.12","42.215",
"BAYN.DE","2001-04-10","41.68","42.54","41.04","41.85","3618938","0.17629","0.40787","41.7775",
"BAYN.DE","2001-04-09","39.88","41.82","39.68","41.52","3951948","1.64","4.11","40.725",
"BAYN.DE","2001-04-06","40.51","40.52","39.2","39.82","2046154","-0.6866","-1.7","40.0125",
"BAYN.DE","2001-04-05","39.98","40.69","39.37","40.29","4638272","0.30618","0.77539","40.0825",
"BAYN.DE","2001-04-04","40.27","40.9","39.33","40.22","3280103","-0.046396","-0.12416","40.18",
"BAYN.DE","2001-04-03","40.93","40.93","40.08","40.68","4031210","-0.25052","-0.6108","40.655",
"BAYN.DE","2001-04-02","41.78","41.78","39.9","41.07","3230358","-0.71443","-1.7","41.1325",
"BAYN.DE","2001-03-30","42.49","42.55","41.46","41.94","2238783","-0.5567","-1.29","42.11",
"BAYN.DE","2001-03-29","42.25","42.72","41.46","42.72","2440701","0.46392","1.11","42.2875",
"BAYN.DE","2001-03-28","43.55","43.55","41.57","42.75","2734073","-0.80722","-1.84","42.855",
"BAYN.DE","2001-03-27","41.21","43.55","40.86","43.55","2969809","2.35","5.68","42.2925",
"BAYN.DE","2001-03-26","40.51","41.38","39.92","41.38","2002879","0.87216","2.15","40.7975",
"BAYN.DE","2001-03-23","40.42","40.55","39.34","40.38","3096393","-0.037115","-0.09896091","40.1725",
"BAYN.DE","2001-03-22","41","41.21","39.02","39.9","3553834","-1.1","-2.68","40.2825",
"BAYN.DE","2001-03-21","42.36","42.6","41.03","41.28","2357229","-1.08","-2.55","41.8175",
"BAYN.DE","2001-03-20","42.67","42.96","42.11","42.66","1519396","-0.009281","-0.02343567","42.6",
"BAYN.DE","2001-03-19","43.52","43.8","42.08","42.28","2018082","-1.23","-2.85","42.92",
"BAYN.DE","2001-03-16","43.78","44.42","43.21","43.42","23380164","-0.35258","-0.82229","43.7075",
"BAYN.DE","2001-03-15","42.69","43.91","42.56","43.73","2862925","1.04","2.44","43.2225",
"BAYN.DE","2001-03-14","44.47","44.94","41.55","42.67","5202876","-1.8","-4.05","43.4075",
"BAYN.DE","2001-03-13","45.25","45.66","44.6","44.6","2930758","-0.64948","-1.44","45.0275",
"BAYN.DE","2001-03-12","45.96","46.25","45.39","45.55","1586857","-0.41753","-0.89208","45.7875",
"BAYN.DE","2001-03-09","46.01","46.32","45.87","45.96","2380137","-0.055671","-0.10867","46.04",
"BAYN.DE","2001-03-08","45.91","46.61","45.67","46.22","1683932","0.30619","0.67523","46.1025",
"BAYN.DE","2001-03-07","45.73","46.29","45.4","45.91","1392509","0.17629","0.39361","45.8325",
"BAYN.DE","2001-03-06","45.98","46.26","45.19","45.47","1622274","-0.51031","-1.11","45.725",
"BAYN.DE","2001-03-05","45.74","46.04","45.39","45.96","1205321","0.2134","0.48098","45.7825",
"BAYN.DE","2001-03-02","46.21","46.39","45.34","46.04","1461157","-0.16701","-0.36789","45.995",
"BAYN.DE","2001-03-01","46.3","46.67","45.88","46.17","1961882","-0.1299","-0.28078","46.255",
"BAYN.DE","2001-02-28","45.99","46.91","45.71","46.25","1493106","0.25979","0.56534","46.215",
"BAYN.DE","2001-02-27","45.99","46.16","45.39","45.91","1456059","-0.083506","-0.17395","45.8625",
"BAYN.DE","2001-02-26","45.47","45.98","45.01","45.91","1244168","0.43608","0.96767","45.5925",
"BAYN.DE","2001-02-23","46.5","46.73","44.71","44.89","2403332","-1.61","-3.46","45.7075",
"BAYN.DE","2001-02-22","46.75","47.04","45.82","46.35","2510765","-0.40825","-0.85561","46.49",
"BAYN.DE","2001-02-21","46.62","46.91","46.06","46.72","1523044","0.092782","0.2145","46.5775",
"BAYN.DE","2001-02-20","47.25","47.65","46.35","46.62","1755433","-0.63093","-1.33","46.9675",
"BAYN.DE","2001-02-19","46.52","47.91","46.33","47.25","2078483","0.72371","1.57","47.0025",
"BAYN.DE","2001-02-16","46.11","47.47","46.01","46.69","3824400","0.57526","1.26","46.57",
"BAYN.DE","2001-02-15","45.93","46.74","45.68","46.27","2638688","0.3433","0.74026","46.155",
"BAYN.DE","2001-02-14","45.88","45.98","45.24","45.65","1452976","-0.23196","-0.50131","45.6875",
"BAYN.DE","2001-02-13","46.17","46.17","45.34","45.82","1584318","-0.35258","-0.75807","45.875",
"BAYN.DE","2001-02-12","45.82","46.28","45.51","45.9","1422602","0.083505","0.1746","45.8775",
"BAYN.DE","2001-02-09","45.73","46.17","45.39","45.72","867910","-0.009281","-0.02186748","45.7525",
"BAYN.DE","2001-02-08","46.39","46.61","45.47","45.84","1134568","-0.54742","-1.19","46.0775",
"BAYN.DE","2001-02-07","46.17","46.34","45.69","46.11","1317257","-0.055668","-0.12995","46.0775",
"BAYN.DE","2001-02-06","46.59","46.75","45.96","46.28","1147661","-0.30618","-0.66538","46.395",
"BAYN.DE","2001-02-05","46.26","46.72","46.22","46.25","1014755","-0.009281","-0.02161695","46.3625",
"BAYN.DE","2001-02-02","46.24","46.86","46.18","46.25","1214886","0.009277","0.0216263","46.3825",
"BAYN.DE","2001-02-01","45.79","46.65","45.79","46.24","1340399","0.45464","0.98275","46.1175",
"BAYN.DE","2001-01-31","46.3","46.46","45.78","46.42","1438578","0.12062","0.25918","46.24",
"BAYN.DE","2001-01-30","45.43","46.33","45.22","46.17","1527417","0.74227","1.63","45.7875",
"BAYN.DE","2001-01-29","45.39","45.82","44.99","45.69","1444542","0.29691","0.66094","45.4725",
"BAYN.DE","2001-01-26","45.3","46.24","45.28","45.57","1752543","0.26907","0.59603","45.5975",
"BAYN.DE","2001-01-25","44.52","45.79","44.52","45.05","2017218","0.52886","1.19","44.97",
"BAYN.DE","2001-01-24","45.29","45.47","44.16","44.99","1826617","-0.29691","-0.6624","44.9775",
"BAYN.DE","2001-01-23","44.34","45.16","43.73","44.86","1757645","0.51959","1.17","44.5225",
"BAYN.DE","2001-01-22","44.08","44.43","42.86","44.43","2698581","0.35258","0.79401","43.95",
"BAYN.DE","2001-01-19","45.11","45.3","43.79","44.19","2320966","-0.91856","-2.04","44.5975",
"BAYN.DE","2001-01-18","45.08","45.11","44.18","44.68","1805051","-0.39897","-0.88731","44.7625",
"BAYN.DE","2001-01-17","45.25","45.69","44.39","45.3","1887371","0.046392","0.1105","45.1575",
"BAYN.DE","2001-01-16","45.65","46.09","44.88","45.04","1835775","-0.61237","-1.34","45.415",
"BAYN.DE","2001-01-15","45.47","46.07","45.17","45.82","1267117","0.3433","0.76974","45.6325",
"BAYN.DE","2001-01-12","45.04","45.56","44.89","45.1","1510836","0.064948","0.13321","45.1475",
"BAYN.DE","2001-01-11","44.47","45.11","43.65","44.7","2610999","0.23196","0.5172","44.4825",
"BAYN.DE","2001-01-10","45.68","45.73","44.1","44.26","2476490","-1.42","-3.11","44.9425",
"BAYN.DE","2001-01-09","47.35","47.65","45.1","45.26","2009699","-2.09","-4.41","46.34",
"BAYN.DE","2001-01-08","46.43","47.76","46.32","46.76","1907529","0.33402","0.71075","46.8175",
"BAYN.DE","2001-01-05","47.28","47.91","46.3","46.69","2394140","-0.59381","-1.25","47.045",
"BAYN.DE","2001-01-04","48.74","48.74","46.61","46.61","2880752","-2.13","-4.37","47.675",
"BAYN.DE","2001-01-03","49.22","49.69","47.25","48.61","2162313","-0.61237","-1.24","48.6925",
"BAYN.DE","2001-01-02","49.48","50.53","48.25","49.56","2341105","0.083502","0.16168","49.455",
"BAYN.DE","2001-01-01","54.98","54.98","54.98","54.98","0","0","0","54.98",
"BAYN.DE","2000-12-29","48.85","49.22","48.35","48.67","694370","-0.17629","-0.36847","48.7725",
"BAYN.DE","2000-12-28","48.22","48.86","47.91","48.68","1250129","0.46392","0.95396","48.4175",
"BAYN.DE","2000-12-27","46.87","48.53","46.77","47.69","1408600","0.8165","1.75","47.465",
"BAYN.DE","2000-12-26","52.85","52.85","52.85","52.85","0","0","0","52.85",
"BAYN.DE","2000-12-25","52.85","52.85","52.85","52.85","0","0","0","52.85",
"BAYN.DE","2000-12-22","46.96","47.22","46.17","46.78","1256221","-0.17629","-0.3833","46.7825",
"BAYN.DE","2000-12-21","47.43","47.65","46.22","46.69","1809380","-0.74227","-1.56","46.9975",
"BAYN.DE","2000-12-20","47.04","48.35","46.86","47.82","2806203","0.77938","1.66","47.5175",
"BAYN.DE","2000-12-19","47.04","48.61","46.47","47.87","3248368","0.82577","1.76","47.4975",
"BAYN.DE","2000-12-18","46.51","47.04","46.22","47.04","1777251","0.52887","1.14","46.7025",
"BAYN.DE","2000-12-15","45.3","46.74","45.3","45.72","4910519","0.4268","0.92715","45.765",
"BAYN.DE","2000-12-14","45.3","46.17","44.69","45.56","1986858","0.25979","0.57395","45.43",
"BAYN.DE","2000-12-13","46.16","46.53","45.3","45.48","1990417","-0.67732","-1.47","45.8675",
"BAYN.DE","2000-12-12","47.91","47.91","45.15","46.05","3547741","-1.86","-3.88","46.755",
"BAYN.DE","2000-12-11","48.36","48.61","47.29","47.95","3261625","-0.40825","-0.84781","48.0525",
"BAYN.DE","2000-12-08","47.52","48.79","47.4","48.43","4009653","0.90928","1.91","48.035",
"BAYN.DE","2000-12-07","46.99","47.61","46.25","46.69","2404444","-0.29691","-0.63843","46.885",
"BAYN.DE","2000-12-06","45.3","47.52","45.04","46.99","3686502","1.7","3.73","46.2125",
"BAYN.DE","2000-12-05","44.65","45.91","44.6","45.7","3240849","1.05","2.35","45.215",
"BAYN.DE","2000-12-04","44.02","44.93","44.02","44.39","2775801","0.37114","0.84053","44.34",
"BAYN.DE","2000-12-01","43.68","45.06","43.66","44.4","2029558","0.71443","1.65","44.2",
"BAYN.DE","2000-11-30","44.59","44.78","43.78","43.78","2182216","-0.8165","-1.82","44.2325",
"BAYN.DE","2000-11-29","44.42","45.1","44.29","44.62","2414739","0.19485","0.45025","44.6075",
"BAYN.DE","2000-11-28","43.39","44.86","43.22","44.47","2308600","1.08","2.49","43.985",
"BAYN.DE","2000-11-27","43.11","44.25","43.11","43.46","1599762","0.35258","0.81188","43.4825",
"BAYN.DE","2000-11-24","42.55","43.78","42.35","42.79","2567859","0.24124","0.56404","42.8675",
"BAYN.DE","2000-11-23","42.62","42.68","41.59","42.38","1357500","-0.24124","-0.56312","42.3175",
"BAYN.DE","2000-11-22","42.77","42.77","41.77","42.42","1942837","-0.35258","-0.81833","42.4325",
"BAYN.DE","2000-11-21","41.99","43.32","41.99","42.95","1908119","0.95567","2.29","42.5625",
"BAYN.DE","2000-11-20","43.12","43.12","41.55","41.99","1899150","-1.12","-2.62","42.445",
"BAYN.DE","2000-11-17","43.07","43.72","42.82","42.92","2115066","-0.14845","-0.34827","43.1325",
"BAYN.DE","2000-11-16","43.99","43.99","42.73","43.24","3842366","-0.75155","-1.7","43.4875",
"BAYN.DE","2000-11-15","44.72","45.08","44.16","44.65","1710592","-0.074229","-0.15653","44.6525",
"BAYN.DE","2000-11-14","43.06","44.69","43.06","44.68","1542622","1.62","3.76","43.8725",
"BAYN.DE","2000-11-13","43.37","43.55","42.77","43.29","1374652","-0.074228","-0.18446","43.245",
"BAYN.DE","2000-11-10","44.38","44.66","43.35","43.5","2317373","-0.88144","-1.98","43.9725",
"BAYN.DE","2000-11-09","44.91","44.91","43.96","44.39","2084297","-0.51959","-1.16","44.5425",
"BAYN.DE","2000-11-08","45.32","46.17","44.79","44.98","2814732","-0.3433","-0.75022","45.315",
"BAYN.DE","2000-11-07","44.86","45.82","44.84","45.25","1841127","0.38969","0.86937","45.1925",
"BAYN.DE","2000-11-06","44.68","45.3","44.16","45.22","2738446","0.53815","1.21","44.84",
"BAYN.DE","2000-11-03","43.65","45.21","43.52","44.86","2056616","1.21","2.77","44.31",
"BAYN.DE","2000-11-02","44.65","45.04","43.48","44.03","2463119","-0.62165","-1.39","44.3",
"BAYN.DE","2000-11-01","44.85","44.91","43.69","44.85","2222292","0","0","44.575",
"BAYN.DE","2000-10-31","43.52","44.78","43.29","44.55","2140587","1.03","2.37","44.035",
"BAYN.DE","2000-10-30","42.27","43.53","42.27","43.11","2058882","0.83505","1.99","42.795",
"BAYN.DE","2000-10-27","41.82","43.06","41.82","42.75","2757380","0.93712","2.22","42.3625",
"BAYN.DE","2000-10-26","40.95","42.44","40.95","42.08","2317833","1.13","2.76","41.605",
"BAYN.DE","2000-10-25","40.51","41.65","40.51","41.38","1950341","0.87216","2.15","41.0125",
"BAYN.DE","2000-10-24","41.03","41.21","40.51","40.95","1804358","-0.083505","-0.19498","40.925",
"BAYN.DE","2000-10-23","41.34","41.64","40.5","40.77","1658375","-0.56598","-1.38","41.0625",
"BAYN.DE","2000-10-20","41.82","41.89","40.21","40.95","0","-0.86289","-2.08","41.2175",
"BAYN.DE","2000-10-19","40.29","41.97","40.27","41.97","1698834","1.68","4.17","41.125",
"BAYN.DE","2000-10-18","39.42","40.63","39.2","40","1719063","0.57526","1.47","39.8125",
"BAYN.DE","2000-10-17","38.96","40.16","38.84","39.51","1729178","0.54742","1.41","39.3675",
"BAYN.DE","2000-10-16","39.2","39.38","38.44","39.06","1734235","-0.13918","-0.35714","39.02",
"BAYN.DE","2000-10-13","37.68","39.28","37.29","39.02","1736764","1.35","3.56","38.3175",
"BAYN.DE","2000-10-12","39.44","39.54","37.38","38.11","1739293","-1.34","-3.37","38.6175",
"BAYN.DE","2000-10-11","38.82","39.58","38.64","39.28","2011342","0.46392","1.18","39.08",
"BAYN.DE","2000-10-10","39.63","39.64","38.51","39.32","1591585","-0.30618","-0.78224","39.275",
"BAYN.DE","2000-10-09","39.97","40.38","39.11","39.25","2181485","-0.72371","-1.8","39.6775",
"BAYN.DE","2000-10-06","39.41","40.67","38.94","39.99","2852236","0.58453","1.47","39.7525",
"BAYN.DE","2000-10-05","38.28","39.38","38.28","39.38","2265173","1.09","2.87","38.83",
"BAYN.DE","2000-10-04","38.01","38.85","37.89","38.44","2851672","0.4268","1.13","38.2975",
"BAYN.DE","2000-10-03","42.57","42.57","42.57","42.57","0","0","0","42.57",
"BAYN.DE","2000-10-02","36.76","37.7","36.43","37.68","1570882","0.91856","2.5","37.1425",
"BAYN.DE","2000-09-29","37.02","37.02","36.19","36.71","1469681","-0.30619","-0.83739","36.735",
"BAYN.DE","2000-09-28","36.89","37.04","36.32","36.9","1352419","0.00928","0.02710762","36.7875",
"BAYN.DE","2000-09-27","36.8","36.84","36.41","36.84","1238360","0.037115","0.1087","36.7225",
"BAYN.DE","2000-09-26","37.37","37.59","36.42","36.93","1954902","-0.44536","-1.18","37.0775",
"BAYN.DE","2000-09-25","37.9","37.98","36.94","37.54","1652055","-0.36185","-0.94987","37.59",
"BAYN.DE","2000-09-22","35.54","38.15","35.54","37.98","3361288","2.44","6.87","36.8025",
"BAYN.DE","2000-09-21","36.89","36.89","35.54","35.97","2386291","-0.91856","-2.49","36.3225",
"BAYN.DE","2000-09-20","37.6","37.95","36.37","36.64","1528441","-0.95567","-2.55","37.14",
"BAYN.DE","2000-09-19","37.15","37.99","37.07","37.95","1450718","0.79794","2.15","37.54",
"BAYN.DE","2000-09-18","38.33","38.33","37.33","37.68","1976457","-0.64948","-1.7","37.9175",
"BAYN.DE","2000-09-15","38.87","38.87","37.46","38.35","5982784","-0.51958","-1.34","38.3875",
"BAYN.DE","2000-09-14","39.02","39.81","38.28","38.76","2976953","-0.2598","-0.66632","38.9675",
"BAYN.DE","2000-09-13","38.73","39.02","38.41","38.81","2354331","0.083505","0.20656","38.7425",
"BAYN.DE","2000-09-12","38.67","38.93","38.21","38.61","1731710","-0.064948","-0.15516","38.605",
"BAYN.DE","2000-09-11","38.76","39.2","38.38","38.64","1681261","-0.1299","-0.3096","38.745",
"BAYN.DE","2000-09-08","39.82","39.9","38.16","38.76","3669071","-1.06","-2.66","39.16",
"BAYN.DE","2000-09-07","40.85","41.07","39.7","39.98","1999901","-0.87216","-2.13","40.4",
"BAYN.DE","2000-09-06","41.21","41.21","40.35","40.84","1272067","-0.37113","-0.89784","40.9025",
"BAYN.DE","2000-09-05","40.94","41.09","40.61","40.87","1132977","-0.064949","-0.17098","40.8775",
"BAYN.DE","2000-09-04","40.61","41.16","40.3","40.63","1575229","0.018558","0.04924895","40.675",
"BAYN.DE","2000-09-01","41.89","41.89","40.22","40.64","2639871","-1.25","-2.98","41.16",
"BAYN.DE","2000-08-31","41.64","41.75","40.95","41.38","2037540","-0.2598","-0.6244","41.43",
"BAYN.DE","2000-08-30","41.63","42.2","40.96","41.64","2062122","0.00928","0.02402114","41.6075",
"BAYN.DE","2000-08-29","42.08","42.21","41.25","41.67","1803717","-0.40825","-0.97433","41.8025",
"BAYN.DE","2000-08-28","42.34","42.83","41.72","42.08","1956787","-0.2598","-0.61408","42.2425",
"BAYN.DE","2000-08-25","41.37","42.75","41.04","42.4","3202522","1.03","2.49","41.89",
"BAYN.DE","2000-08-24","40.95","41.64","40.59","41.21","2229265","0.25979","0.63492","41.0975",
"BAYN.DE","2000-08-23","41.11","41.71","40.82","41.28","1777027","0.16701","0.41352","41.23",
"BAYN.DE","2000-08-22","41.1","41.7","40.82","41.1","1935374","0","0","41.18",
"BAYN.DE","2000-08-21","40.95","41.37","40.67","40.85","1615623","-0.092785","-0.2442","40.96",
"BAYN.DE","2000-08-18","40.38","41.16","40.2","40.61","2244581","0.23196","0.56959","40.5875",
"BAYN.DE","2000-08-17","41.07","41.07","39.9","40.11","1579180","-0.95567","-2.34","40.5375",
"BAYN.DE","2000-08-16","40.87","41.2","40.09","40.74","2228252","-0.1299","-0.31808","40.725",
"BAYN.DE","2000-08-15","40.33","41.05","40.26","40.72","2127485","0.38969","0.96702","40.59",
"BAYN.DE","2000-08-14","40.03","40.32","39.81","40.05","1236665","0.018557","0.04996253","40.0525",
"BAYN.DE","2000-08-11","39.05","39.94","38.85","39.9","2347207","0.84433","2.18","39.435",
"BAYN.DE","2000-08-10","38.11","38.93","37.37","38.91","2870141","0.80722","2.1","38.33",
"BAYN.DE","2000-08-09","38.87","39.4","38.35","38.68","2643322","-0.18557","-0.48881","38.825",
"BAYN.DE","2000-08-08","39.5","39.64","38.33","38.99","2876354","-0.51031","-1.29","39.115",
"BAYN.DE","2000-08-07","39.54","40.14","39.23","39.64","1375639","0.10206","0.25291","39.6375",
"BAYN.DE","2000-08-04","39.79","40.16","38.81","39.17","1833084","-0.61237","-1.56","39.4825",
"BAYN.DE","2000-08-03","39.15","40.2","39.03","39.46","1783989","0.30618","0.79183","39.46",
"BAYN.DE","2000-08-02","39.28","39.72","38.51","39.33","1690355","0.046391","0.12729","39.21",
"BAYN.DE","2000-08-01","39.3","40.16","39.15","39.28","1438498","-0.018558","-0.05089059","39.4725",
"BAYN.DE","2000-07-31","39.45","39.82","38.97","39.3","1457099","-0.14845","-0.38023","39.385",
"BAYN.DE","2000-07-28","38.67","39.58","38.33","39.41","1446556","0.74227","1.91","38.9975",
"BAYN.DE","2000-07-27","38.78","38.97","38.11","38.23","1482977","-0.5567","-1.42","38.5225",
"BAYN.DE","2000-07-26","39.24","39.24","38.71","39.07","1056152","-0.16701","-0.43323","39.065",
"BAYN.DE","2000-07-25","38.41","39.27","37.81","39.11","1768932","0.69588","1.82","38.65",
"BAYN.DE","2000-07-24","37.89","38.75","37.89","38.2","1245265","0.30618","0.81816","38.1825",
"BAYN.DE","2000-07-21","38.15","38.58","37.56","37.63","1498745","-0.51959","-1.36","37.98",
"BAYN.DE","2000-07-20","37.36","38.25","37.2","38.07","1898614","0.70515","1.9","37.72",
"BAYN.DE","2000-07-19","36.98","37.47","36.98","37.43","1482310","0.44536","1.22","37.215",
"BAYN.DE","2000-07-18","37.11","37.67","37.08","37.33","944681","0.2134","0.59283","37.2975",
"BAYN.DE","2000-07-17","37.15","37.59","36.84","37.59","1161686","0.43608","1.18","37.2925",
"BAYN.DE","2000-07-14","38.04","38.04","36.6","37.02","2471997","-1.02","-2.68","37.425",
"BAYN.DE","2000-07-13","37.65","38.07","37.47","37.81","2798924","0.15773","0.42497","37.75",
"BAYN.DE","2000-07-12","36.74","38.39","36.45","37.82","3125852","1.08","2.94","37.35",
"BAYN.DE","2000-07-11","36.71","36.81","36.19","36.43","1393402","-0.28763","-0.76273","36.535",
"BAYN.DE","2000-07-10","36.58","36.72","36.22","36.62","1259313","0.046394","0.10935","36.535",
"BAYN.DE","2000-07-07","36.39","36.54","35.4","36.43","1365051","0.03711","0.10992","36.19",
"BAYN.DE","2000-07-06","36.58","36.71","35.73","36.01","1470790","-0.57526","-1.56","36.2575",
"BAYN.DE","2000-07-05","37.01","37.39","36.58","36.58","2145923","-0.4268","-1.16","36.89",
"BAYN.DE","2000-07-04","36.3","37.02","36.15","36.6","1613420","0.30619","0.82645","36.5175",
"BAYN.DE","2000-07-03","35.88","36.15","35.02","36.04","1653902","0.15773","0.44593","35.7725",
"BAYN.DE","2000-06-30","34.05","35.89","33.82","35.61","3209659","1.56","4.58","34.8425",
"BAYN.DE","2000-06-29","34.77","35.01","33.93","34.33","1947982","-0.43608","-1.27","34.51",
"BAYN.DE","2000-06-28","33.97","34.92","33.88","34.75","1720529","0.77938","2.3","34.38",
"BAYN.DE","2000-06-27","34.12","34.14","33.68","33.88","1059031","-0.24124","-0.7034","33.955",
"BAYN.DE","2000-06-26","33.57","34.41","33.57","33.76","1431977","0.19484","0.56598","33.8275",
"BAYN.DE","2000-06-23","33.88","34.19","33.55","33.58","1464813","-0.30619","-0.88548","33.8",
"BAYN.DE","2000-06-22","34.14","34.27","33.58","33.71","1234771","-0.43608","-1.26","33.925",
"BAYN.DE","2000-06-21","34.76","35","33.88","34.11","2071346","-0.64949","-1.87","34.4375",
"BAYN.DE","2000-06-20","35.23","35.28","34.33","34.67","1942309","-0.5567","-1.59","34.8775",
"BAYN.DE","2000-06-19","34.75","35.07","34.63","34.75","2634874","0","0","34.8",
"BAYN.DE","2000-06-16","35.58","35.59","34.39","34.39","15172500","-1.2","-3.34","34.9875",
"BAYN.DE","2000-06-15","36.45","36.5","35.17","35.54","2477672","-0.91856","-2.5","35.915",
"BAYN.DE","2000-06-14","37.07","37.11","36.11","36.53","2041393","-0.53815","-1.46","36.705",
"BAYN.DE","2000-06-13","36.81","37.25","36.69","36.81","2071706","0","0","36.89",
"BAYN.DE","2000-06-12","36.94","37.45","36.94","36.96","230274","0.027834","0.05414185","37.0725",
"BAYN.DE","2000-06-09","36.17","37.29","36.17","36.94","2180622","0.77011","2.13","36.6425",
"BAYN.DE","2000-06-08","37.02","37.06","36.06","36.1","2436589","-0.91856","-2.49","36.56",
"BAYN.DE","2000-06-07","36.32","37.25","35.94","36.58","2458460","0.25051","0.71586","36.5225",
"BAYN.DE","2000-06-06","36.84","37.19","35.71","36.19","1943488","-0.65876","-1.76","36.4825",
"BAYN.DE","2000-06-05","36.71","37.02","36.41","36.84","1179536","0.1299","0.35413","36.745",
"BAYN.DE","2000-06-02","36.45","37.01","36.11","36.63","2048149","0.17629","0.49383","36.55",
"BAYN.DE","2000-06-01","36.11","36.75","35.94","36.41","746092","0.29691","0.83079","36.3025",
"BAYN.DE","2000-05-31","36.81","36.94","35.6","36.06","2565949","-0.74227","-2.04","36.3525",
"BAYN.DE","2000-05-30","36.58","36.92","36.46","36.83","1430745","0.24124","0.68343","36.6975",
"BAYN.DE","2000-05-29","36.58","36.89","36.33","36.73","641061","0.15773","0.41006","36.6325",
"BAYN.DE","2000-05-26","36.8","36.86","36.15","36.24","1451590","-0.5567","-1.52","36.5125",
"BAYN.DE","2000-05-25","37.85","37.85","36.59","36.75","1876966","-1.09","-2.91","37.26",
"BAYN.DE","2000-05-24","37.22","37.98","37.03","37.62","1581461","0.40825","1.07","37.4625",
"BAYN.DE","2000-05-23","37.03","37.8","37.02","37.49","1643569","0.46392","1.24","37.335",
"BAYN.DE","2000-05-22","36.91","37.16","36.58","37.02","1543609","0.11134","0.29802","36.9175",
"BAYN.DE","2000-05-19","37.2","37.49","36.76","37.07","1746435","-0.1299","-0.34946","37.13",
"BAYN.DE","2000-05-18","36.97","37.32","36.97","37.18","1550153","0.20413","0.56803","37.11",
"BAYN.DE","2000-05-17","37.88","37.88","36.83","37.33","2008090","-0.5567","-1.45","37.48",
"BAYN.DE","2000-05-16","37.52","38.02","37.21","37.81","1773218","0.28763","0.77292","37.64",
"BAYN.DE","2000-05-15","37.74","37.89","37.08","37.24","945540","-0.49175","-1.32","37.4875",
"BAYN.DE","2000-05-12","37.99","38.3","37.4","37.74","1061439","-0.24124","-0.65807","37.8575",
"BAYN.DE","2000-05-11","37.55","38.2","37.29","37.94","1744492","0.38969","1.04","37.745",
"BAYN.DE","2000-05-10","38.51","39.11","37.82","37.89","1437280","-0.62165","-1.61","38.3325",
"BAYN.DE","2000-05-09","38.17","38.96","38.07","38.85","1465690","0.67732","1.78","38.5125",
"BAYN.DE","2000-05-08","38.68","38.68","37.85","38.26","1494101","-0.41752","-1.09","38.3675",
"BAYN.DE","2000-05-05","39.07","39.38","37.89","38.59","1619222","-0.48248","-1.23","38.7325",
"BAYN.DE","2000-05-04","38.33","39.02","37.99","38.98","1359096","0.64948","1.7","38.58",
"BAYN.DE","2000-05-03","38.58","38.98","38.16","38.39","1772107","-0.18557","-0.49248","38.5275",
"BAYN.DE","2000-05-02","39.02","39.45","38.43","38.68","1809876","-0.3433","-0.87135","38.895",
"BAYN.DE","2000-05-01","45.1","45.1","45.1","45.1","0","0","0","45.1",
"BAYN.DE","2000-04-28","39.02","39.97","38.6","39.92","3146540","0.9","2.31","39.3775",
"BAYN.DE","2000-04-27","39.15","39.15","37.98","38.47","1436728","-0.6866","-1.74","38.6875",
"BAYN.DE","2000-04-26","38.67","39.32","38.42","38.85","1638635","0.17629","0.46548","38.815",
"BAYN.DE","2000-04-25","37.45","38.65","36.84","38.23","1757880","0.77938","2.08","37.7925",
"BAYN.DE","2000-04-24","41.87","41.87","41.87","41.87","0","0","0","41.87",
"BAYN.DE","2000-04-21","41.87","41.87","41.87","41.87","0","0","0","41.87",
"BAYN.DE","2000-04-20","37.54","37.71","37.07","37.07","1985975","-0.47319","-1.25","37.3475",
"BAYN.DE","2000-04-19","38.2","38.33","36.9","37.24","1995673","-0.95567","-2.51","37.6675",
"BAYN.DE","2000-04-18","38.51","38.54","37.11","37.85","1810914","-0.65876","-1.71","38.0025",
"BAYN.DE","2000-04-17","37.46","38.18","37.04","38.02","1943325","0.56598","1.49","37.675",
"BAYN.DE","2000-04-14","38.38","38.93","38.08","38.61","1333776","0.23196","0.59927","38.5",
"BAYN.DE","2000-04-13","38.94","39.46","38.08","38.81","2729249","-0.1299","-0.33385","38.8225",
"BAYN.DE","2000-04-12","38.94","39.59","38.64","39","1369074","0.055668","0.15408","39.0425",
"BAYN.DE","2000-04-11","39.2","39.64","38.68","38.68","1232853","-0.51959","-1.33","39.05",
"BAYN.DE","2000-04-10","38.41","39.57","38.11","39.28","1664332","0.87216","2.27","38.8425",
"BAYN.DE","2000-04-07","38.59","38.94","38.03","38.25","1659890","-0.33402","-0.88106","38.4525",
"BAYN.DE","2000-04-06","39.65","40.06","38.41","38.59","2195313","-1.06","-2.67","39.1775",
"BAYN.DE","2000-04-05","40.95","41.29","38.99","39.64","2951469","-1.31","-3.2","40.2175",
"BAYN.DE","2000-04-04","40.95","41.49","40.39","41.38","1838381","0.4268","1.05","41.0525",
"BAYN.DE","2000-04-03","40.59","41.21","40.03","40.9","1317964","0.30619","0.76373","40.6825",
"BAYN.DE","2000-03-31","41.2","41.64","40.52","40.75","1782329","-0.44536","-1.09","41.0275",
"BAYN.DE","2000-03-30","40.82","41.46","40.59","40.77","2497880","-0.046395","-0.12249","40.91",
"BAYN.DE","2000-03-29","39.68","41.67","39.68","40.87","3556249","1.19","3","40.475",
"BAYN.DE","2000-03-28","39.41","40.4","38.94","39.94","2784485","0.52887","1.34","39.6725",
"BAYN.DE","2000-03-27","38.33","39.17","38.15","38.86","1761625","0.52887","1.38","38.6275",
"BAYN.DE","2000-03-24","38.78","39.35","37.92","38.33","1704448","-0.45464","-1.16","38.595",
"BAYN.DE","2000-03-23","39.58","39.59","38.07","38.33","1465825","-1.25","-3.16","38.8925",
"BAYN.DE","2000-03-22","39.64","40.06","39.11","39.15","1578843","-0.48247","-1.24","39.49",
"BAYN.DE","2000-03-21","40.07","40.19","38.86","39.41","1729497","-0.65876","-1.65","39.6325",
"BAYN.DE","2000-03-20","40.07","40.45","39.47","39.74","1445044","-0.33402","-0.82356","39.9325",
"BAYN.DE","2000-03-17","39.9","40.27","38.64","39.98","31412184","0.083505","0.2005","39.6975",
"BAYN.DE","2000-03-16","37.46","39.28","37.33","39.28","4476608","1.83","4.86","38.3375",
"BAYN.DE","2000-03-15","36.45","37.15","36.06","36.6","1485685","0.15773","0.41152","36.565",
"BAYN.DE","2000-03-14","36.03","36.96","35.72","36.25","1441686","0.22268","0.6106","36.24",
"BAYN.DE","2000-03-13","35.32","36.28","35.06","35.98","1231229","0.65876","1.87","35.66",
"BAYN.DE","2000-03-10","36.32","36.41","35.03","35.41","2478066","-0.91856","-2.51","35.7925",
"BAYN.DE","2000-03-09","35.54","36.49","35.45","36.32","1850783","0.78866","2.19","35.95",
"BAYN.DE","2000-03-08","35.54","36.15","35.28","35.4","1992118","-0.13917","-0.39392","35.5925",
"BAYN.DE","2000-03-07","36.58","36.58","35.28","35.52","1856836","-1.06","-2.9","35.99",
"BAYN.DE","2000-03-06","36.76","36.76","36.06","36.59","1230288","-0.16701","-0.46246","36.5425",
"BAYN.DE","2000-03-03","37.03","37.28","36.07","36.5","1813242","-0.52887","-1.43","36.72",
"BAYN.DE","2000-03-02","37.37","37.45","35.82","37.33","2220955","-0.046391","-0.10704","36.9925",
"BAYN.DE","2000-03-01","37.68","38.14","35.68","37.2","3097060","-0.48248","-1.27","37.175",
"BAYN.DE","2000-02-29","37.68","38.14","36.63","38.14","1732620","0.46392","1.22","37.6475",
"BAYN.DE","2000-02-28","36.89","37.46","36.29","37.33","1247523","0.43608","1.19","36.9925",
"BAYN.DE","2000-02-25","37.46","37.54","36.5","37.28","1391780","-0.17629","-0.48051","37.195",
"BAYN.DE","2000-02-24","38.12","38.15","36.41","37.2","1396945","-0.91856","-2.41","37.47",
"BAYN.DE","2000-02-23","38.33","38.64","37.57","38.07","1751199","-0.2598","-0.67832","38.1525",
"BAYN.DE","2000-02-22","37.33","38.59","37.04","38.25","2351117","0.91856","2.46","37.8025",
"BAYN.DE","2000-02-21","37.51","38.11","37.09","37.81","907451","0.29691","0.79979","37.63",
"BAYN.DE","2000-02-18","38.25","38.97","37.9","38.31","2721677","0.055672","0.15686","38.3575",
"BAYN.DE","2000-02-17","37.28","38.72","36.84","38.25","2360021","0.96495","2.6","37.7725",
"BAYN.DE","2000-02-16","36.51","37.24","36.11","37.11","2081400","0.6031","1.64","36.7425",
"BAYN.DE","2000-02-15","38.14","38.26","35.92","35.94","2183685","-2.21","-5.77","37.065",
"BAYN.DE","2000-02-14","37.45","38.07","36.97","38.07","1095408","0.62165","1.66","37.64",
"BAYN.DE","2000-02-11","38.85","39.11","37.02","37.46","3778555","-1.39","-3.58","38.11",
"BAYN.DE","2000-02-10","37.51","39.02","36.86","38.76","2275639","1.25","3.33","38.0375",
"BAYN.DE","2000-02-09","37.67","39.54","37.28","38.15","3412321","0.48248","1.27","38.16",
"BAYN.DE","2000-02-08","35.63","37.72","35.41","37.72","2715773","2.09","5.87","36.62",
"BAYN.DE","2000-02-07","36.06","36.19","34.96","35.11","1834645","-0.95567","-2.63","35.58",
"BAYN.DE","2000-02-04","36.97","37.45","35.63","36.06","2025800","-0.90928","-2.46","36.5275",
"BAYN.DE","2000-02-03","36.54","37.45","36.09","37.07","2104281","0.52887","1.45","36.7875",
"BAYN.DE","2000-02-02","35.45","36.41","35.19","36.41","1767529","0.95567","2.71","35.865",
"BAYN.DE","2000-02-01","35.32","35.32","34.41","34.89","2204788","-0.43608","-1.22","34.985",
"BAYN.DE","2000-01-31","35.37","35.7","34.43","34.78","2637783","-0.59381","-1.67","35.07",
"BAYN.DE","2000-01-28","35.87","36.63","35.42","35.84","1492380","-0.027835","-0.08363535","35.94",
"BAYN.DE","2000-01-27","36.24","36.44","35.41","35.63","2352382","-0.61237","-1.68","35.93",
"BAYN.DE","2000-01-26","36.76","37.07","35.38","36.24","2723374","-0.51959","-1.41","36.3625",
"BAYN.DE","2000-01-25","37.99","38.11","36.25","36.32","3347065","-1.66","-4.4","37.1675",
"BAYN.DE","2000-01-24","38.68","39.06","37.99","38.33","2100368","-0.35258","-0.90486","38.515",
"BAYN.DE","2000-01-21","38.63","39.33","37.89","38.11","2536102","-0.51959","-1.35","38.49",
"BAYN.DE","2000-01-20","39.35","39.81","38.32","38.76","2187761","-0.58454","-1.5","39.06",
"BAYN.DE","2000-01-19","38.94","39.34","38.38","39.28","2300617","0.3433","0.87314","38.985",
"BAYN.DE","2000-01-18","40.26","40.55","38.82","39.28","2819773","-0.97423","-2.43","39.7275",
"BAYN.DE","2000-01-17","40.07","41.29","39.68","40.29","4372612","0.2134","0.54904","40.3325",
"BAYN.DE","2000-01-14","38.74","39.64","38.66","39.2","3196583","0.46392","1.19","39.06",
"BAYN.DE","2000-01-13","39.11","39.33","38.28","38.28","2818194","-0.82578","-2.12","38.75",
"BAYN.DE","2000-01-12","40.07","40.83","38.51","38.54","2743727","-1.53","-3.82","39.4875",
"BAYN.DE","2000-01-11","41.42","41.42","40.29","40.29","2194255","-1.13","-2.73","40.855",
"BAYN.DE","2000-01-10","40.77","41.54","39.92","41.52","2632123","0.75155","1.84","40.9375",
"BAYN.DE","2000-01-07","38.85","40.26","38.71","40.06","2635380","1.22","3.11","39.47",
"BAYN.DE","2000-01-06","37.39","39.02","37.18","38.46","2697899","1.07","2.86","38.0125",
"BAYN.DE","2000-01-05","37.51","38.02","37.07","37.36","2344211","-0.14845","-0.39989","37.49",
"BAYN.DE","2000-01-04","39.2","39.2","38.07","38.33","2606194","-0.87217","-2.22","38.7",
"BAYN.DE","2000-01-03","42.55","43.03","38.77","39.38","2648778","-3.17","-7.45","40.9325",
